0 32.0000 26.0000 -1 -1
1 365.0000 27.0000 0 0
2 364.0000 189.0000 0 0
3 31.0000 188.0000 0 0
4 36.4400 26.0133 -1 -1
5 40.8800 26.0267 -1 -1
6 45.3200 26.0400 -1 -1
7 49.7600 26.0533 0 0
8 54.2000 26.0667 0 0
9 58.6400 26.0800 0 0
10 63.0800 26.0933 0 0
11 67.5200 26.1067 0 0
12 71.9600 26.1200 0 0
13 76.4000 26.1333 0 0
14 80.8400 26.1467 0 0
15 85.2800 26.1600 0 0
16 89.7200 26.1733 0 0
17 94.1600 26.1867 0 0
18 98.6000 26.2000 0 0
19 103.0400 26.2133 0 0
20 107.4800 26.2267 0 0
21 111.9200 26.2400 0 0
22 116.3600 26.2533 0 0
23 120.8000 26.2667 0 0
24 125.2400 26.2800 0 0
25 129.6800 26.2933 0 0
26 134.1200 26.3067 0 0
27 138.5600 26.3200 0 0
28 143.0000 26.3333 0 0
29 147.4400 26.3467 0 0
30 151.8800 26.3600 0 0
31 156.3200 26.3733 0 0
32 160.7600 26.3867 0 0
33 165.2000 26.4000 0 0
34 169.6400 26.4133 0 0
35 174.0800 26.4267 0 0
36 178.5200 26.4400 0 0
37 182.9600 26.4533 0 0
38 187.4000 26.4667 0 0
39 191.8400 26.4800 0 0
40 196.2800 26.4933 0 0
41 200.7200 26.5067 0 0
42 205.1600 26.5200 0 0
43 209.6000 26.5333 0 0
44 214.0400 26.5467 0 0
45 218.4800 26.5600 0 0
46 222.9200 26.5733 0 0
47 227.3600 26.5867 0 0
48 231.8000 26.6000 0 0
49 236.2400 26.6133 0 0
50 240.6800 26.6267 0 0
51 245.1200 26.6400 0 0
52 249.5600 26.6533 0 0
53 254.0000 26.6667 0 0
54 258.4400 26.6800 0 0
55 262.8800 26.6933 0 0
56 267.3200 26.7067 0 0
57 271.7600 26.7200 0 0
58 276.2000 26.7333 0 0
59 280.6400 26.7467 0 0
60 285.0800 26.7600 0 0
61 289.5200 26.7733 0 0
62 293.9600 26.7867 0 0
63 298.4000 26.8000 0 0
64 302.8400 26.8133 0 0
65 307.2800 26.8267 0 0
66 311.7200 26.8400 0 0
67 316.1600 26.8533 0 0
68 320.6000 26.8667 0 0
69 325.0400 26.8800 0 0
70 329.4800 26.8933 0 0
71 333.9200 26.9067 0 0
72 338.3600 26.9200 0 0
73 342.8000 26.9333 0 0
74 347.2400 26.9467 0 0
75 351.6800 26.9600 0 0
76 356.1200 26.9733 0 0
77 360.5600 26.9867 0 0
78 364.9730 31.3784 0 0
79 364.9459 35.7568 0 0
80 364.9189 40.1351 0 0
81 364.8919 44.5135 0 0
82 364.8649 48.8919 0 0
83 364.8378 53.2703 0 0
84 364.8108 57.6486 0 0
85 364.7838 62.0270 0 0
86 364.7568 66.4054 0 0
87 364.7297 70.7838 0 0
88 364.7027 75.1622 0 0
89 364.6757 79.5405 0 0
90 364.6486 83.9189 0 0
91 364.6216 88.2973 0 0
92 364.5946 92.6757 0 0
93 364.5676 97.0541 0 0
94 364.5405 101.4324 0 0
95 364.5135 105.8108 0 0
96 364.4865 110.1892 0 0
97 364.4595 114.5676 0 0
98 364.4324 118.9459 0 0
99 364.4054 123.3243 0 0
100 364.3784 127.7027 0 0
101 364.3514 132.0811 0 0
102 364.3243 136.4595 0 0
103 364.2973 140.8378 0 0
104 364.2703 145.2162 0 0
105 364.2432 149.5946 0 0
106 364.2162 153.9730 0 0
107 364.1892 158.3514 0 0
108 364.1622 162.7297 0 0
109 364.1351 167.1081 0 0
110 364.1081 171.4865 0 0
111 364.0811 175.8649 0 0
112 364.0541 180.2432 0 0
113 364.0270 184.6216 0 0
114 359.5600 188.9867 0 0
115 355.1200 188.9733 0 0
116 350.6800 188.9600 0 0
117 346.2400 188.9467 0 0
118 341.8000 188.9333 0 0
119 337.3600 188.9200 0 0
120 332.9200 188.9067 0 0
121 328.4800 188.8933 0 0
122 324.0400 188.8800 0 0
123 319.6000 188.8667 0 0
124 315.1600 188.8533 0 0
125 310.7200 188.8400 0 0
126 306.2800 188.8267 0 0
127 301.8400 188.8133 0 0
128 297.4000 188.8000 0 0
129 292.9600 188.7867 0 0
130 288.5200 188.7733 0 0
131 284.0800 188.7600 0 0
132 279.6400 188.7467 0 0
133 275.2000 188.7333 0 0
134 270.7600 188.7200 0 0
135 266.3200 188.7067 0 0
136 261.8800 188.6933 0 0
137 257.4400 188.6800 0 0
138 253.0000 188.6667 0 0
139 248.5600 188.6533 0 0
140 244.1200 188.6400 0 0
141 239.6800 188.6267 0 0
142 235.2400 188.6133 0 0
143 230.8000 188.6000 0 0
144 226.3600 188.5867 0 0
145 221.9200 188.5733 0 0
146 217.4800 188.5600 0 0
147 213.0400 188.5467 0 0
148 208.6000 188.5333 0 0
149 204.1600 188.5200 0 0
150 199.7200 188.5067 0 0
151 195.2800 188.4933 0 0
152 190.8400 188.4800 0 0
153 186.4000 188.4667 0 0
154 181.9600 188.4533 0 0
155 177.5200 188.4400 0 0
156 173.0800 188.4267 0 0
157 168.6400 188.4133 0 0
158 164.2000 188.4000 0 0
159 159.7600 188.3867 0 0
160 155.3200 188.3733 0 0
161 150.8800 188.3600 0 0
162 146.4400 188.3467 0 0
163 142.0000 188.3333 0 0
164 137.5600 188.3200 0 0
165 133.1200 188.3067 0 0
166 128.6800 188.2933 0 0
167 124.2400 188.2800 0 0
168 119.8000 188.2667 0 0
169 115.3600 188.2533 0 0
170 110.9200 188.2400 0 0
171 106.4800 188.2267 0 0
172 102.0400 188.2133 0 0
173 97.6000 188.2000 0 0
174 93.1600 188.1867 0 0
175 88.7200 188.1733 0 0
176 84.2800 188.1600 0 0
177 79.8400 188.1467 0 0
178 75.4000 188.1333 0 0
179 70.9600 188.1200 0 0
180 66.5200 188.1067 0 0
181 62.0800 188.0933 0 0
182 57.6400 188.0800 0 0
183 53.2000 188.0667 0 0
184 48.7600 188.0533 0 0
185 44.3200 188.0400 0 0
186 39.8800 188.0267 0 0
187 35.4400 188.0133 0 0
188 31.0270 183.6216 0 0
189 31.0541 179.2432 0 0
190 31.0811 174.8649 0 0
191 31.1081 170.4865 0 0
192 31.1351 166.1081 0 0
193 31.1622 161.7297 0 0
194 31.1892 157.3514 0 0
195 31.2162 152.9730 0 0
196 31.2432 148.5946 0 0
197 31.2703 144.2162 0 0
198 31.2973 139.8378 0 0
199 31.3243 135.4595 0 0
200 31.3514 131.0811 0 0
201 31.3784 126.7027 0 0
202 31.4054 122.3243 0 0
203 31.4324 117.9459 0 0
204 31.4595 113.5676 0 0
205 31.4865 109.1892 0 0
206 31.5135 104.8108 0 0
207 31.5405 100.4324 0 0
208 31.5676 96.0541 0 0
209 31.5946 91.6757 0 0
210 31.6216 87.2973 0 0
211 31.6486 82.9189 0 0
212 31.6757 78.5405 0 0
213 31.7027 74.1622 0 0
214 31.7297 69.7838 0 0
215 31.7568 65.4054 0 0
216 31.7838 61.0270 0 0
217 31.8108 56.6486 0 0
218 31.8378 52.2703 0 0
219 31.8649 47.8919 0 0
220 31.8919 43.5135 0 0
221 31.9189 39.1351 -1 -1
222 31.9459 34.7568 -1 -1
223 31.9730 30.3784 -1 -1
224 360.5859 107.8011 0 0
225 35.4515 106.7221 0 0
226 264.1119 184.8548 0 0
227 201.9515 184.6682 0 0
228 228.5915 184.7505 0 0
229 176.1181 30.5189 0 0
230 149.3576 30.6074 0 0
231 122.7154 30.5628 0 0
232 246.6059 31.0349 0 0
233 278.1143 30.7620 0 0
234 161.9915 184.5482 0 0
235 216.1431 30.4973 0 0
236 135.3514 184.4680 0 0
237 108.5763 184.3970 0 0
238 290.4537 184.6865 0 0
239 100.4410 30.0522 0 0
240 300.6085 30.6518 0 0
241 35.1567 128.9153 0 0
242 360.5731 129.8685 0 0
243 35.4759 85.5475 0 0
244 360.7543 85.6591 0 0
245 86.5115 184.3506 0 0
246 312.8870 184.8356 0 0
247 78.1640 30.1384 0 0
248 318.3962 30.6129 0 0
249 184.1915 184.6267 0 0
250 197.8801 30.8371 0 0
251 246.2015 184.7913 0 0
252 35.1677 146.7256 0 0
253 360.4650 147.3820 0 0
254 35.4182 67.8374 0 0
255 360.7890 69.1276 0 0
256 68.5965 184.3200 0 0
257 330.5078 184.7519 0 0
258 60.7333 30.3118 0 0
259 335.2841 30.4071 0 0
260 55.4315 184.2282 0 0
261 260.0070 31.1246 0 0
262 233.6379 30.7973 0 0
263 122.0307 184.4283 0 0
264 148.6714 184.5082 0 0
265 277.2739 184.7825 0 0
266 136.0362 30.5851 0 0
267 162.9685 30.2385 0 0
268 215.2715 184.7082 0 0
269 35.0646 159.6303 0 0
270 360.2504 160.3263 0 0
271 35.5701 54.8790 0 0
272 360.8546 54.9510 0 0
273 343.9482 184.8734 0 0
274 47.7527 29.7599 0 0
275 349.8514 30.4707 0 0
276 35.0874 172.5846 0 0
277 360.3028 173.6523 0 0
278 35.7437 41.9804 0 0
279 361.0855 42.0826 0 0
280 46.5441 184.2061 0 0
281 77.5760 184.3466 0 0
282 321.7132 184.8905 0 0
283 327.4285 30.8784 0 0
284 303.9756 184.9190 0 0
285 95.2958 184.3707 0 0
286 87.3487 30.1944 0 0
287 69.8077 30.0907 0 0
288 309.4885 30.6785 0 0
289 291.0374 30.9226 0 0
290 109.1698 30.5713 0 0
291 193.0715 184.6515 0 0
292 175.3115 184.6019 0 0
293 207.2631 30.4745 0 0
294 225.0230 30.5201 0 0
295 255.0817 184.8503 0 0
296 184.7964 30.7084 0 0
297 237.4715 184.7753 0 0
298 269.0494 31.1197 0 0
299 35.2417 137.2790 0 0
300 35.5225 119.6685 0 0
301 360.6542 116.7334 0 0
302 35.3458 98.2666 0 0
303 360.7458 99.5750 0 0
304 360.8974 77.3279 0 0
305 360.1098 138.5802 0 0
306 35.5213 76.1225 0 0
307 352.6686 184.9064 0 0
308 38.6911 29.3453 0 0
309 358.3285 30.8252 0 0
310 37.7814 184.2827 0 0
311 360.6854 182.3426 0 0
312 42.1047 184.1921 0 0
313 44.2990 180.3455 0 0
314 48.7603 180.3682 0 0
315 46.5474 176.5368 0 0
316 50.9528 176.5335 0 0
317 48.7614 172.7157 0 0
318 53.1591 172.7094 0 0
319 50.9694 168.8949 0 0
320 55.3687 168.8896 0 0
321 53.1780 165.0756 0 0
322 57.5761 165.0702 0 0
323 55.3847 161.2566 0 0
324 59.7845 161.2530 0 0
325 57.5918 157.4392 0 0
326 61.9992 157.4403 0 0
327 59.7984 153.5946 0 0
328 64.1992 153.6152 0 0
329 61.9896 149.7496 0 0
330 66.4037 149.7934 0 0
331 64.1962 145.9568 0 0
332 68.6183 145.9885 0 0
333 66.4175 142.1674 0 0
334 70.8205 142.1693 0 0
335 68.6096 138.3447 0 0
336 73.0262 138.3515 0 0
337 70.8138 134.5257 0 0
338 75.2402 134.5373 0 0
339 73.0348 130.7146 0 0
340 77.4447 130.7157 0 0
341 75.2441 126.8954 0 0
342 79.6526 126.8950 0 0
343 77.4547 123.0752 0 0
344 81.8610 123.0734 0 0
345 79.6635 119.2532 0 0
346 84.0782 119.2555 0 0
347 81.8740 115.4320 0 0
348 86.2909 115.4340 0 0
349 88.4940 119.2589 0 0
350 90.7090 115.4360 0 0
351 92.9136 119.2633 0 0
352 95.1288 115.4374 0 0
353 97.3344 119.2658 0 0
354 99.5506 115.4391 0 0
355 101.7570 119.2689 0 0
356 103.9741 115.4556 0 0
357 106.1802 119.2739 0 0
358 108.3994 115.4517 0 0
359 110.6059 119.2765 0 0
360 112.8255 115.4617 0 0
361 115.0320 119.2803 0 0
362 117.2531 115.4662 0 0
363 119.4500 119.2835 0 0
364 121.6823 115.4588 0 0
365 123.8828 119.2880 0 0
366 126.1110 115.4699 0 0
367 128.3262 119.2897 0 0
368 130.5439 115.4741 0 0
369 132.7578 119.2961 0 0
370 134.9914 115.4861 0 0
371 137.1927 119.3013 0 0
372 139.4271 115.4728 0 0
373 141.6266 119.3019 0 0
374 143.8357 115.4692 0 0
375 146.0491 119.2993 0 0
376 148.2637 115.4880 0 0
377 150.4806 119.3016 0 0
378 152.7069 115.4871 0 0
379 154.9259 119.3070 0 0
380 157.1350 115.4770 0 0
381 159.3515 119.3068 0 0
382 161.5678 115.4955 0 0
383 163.7852 119.3084 0 0
384 166.0131 115.4944 0 0
385 168.2332 119.3154 0 0
386 170.4530 115.4784 0 0
387 172.6697 119.3188 0 0
388 174.8903 115.4778 0 0
389 177.1067 119.3211 0 0
390 179.3175 115.4855 0 0
391 181.5422 119.3246 0 0
392 183.7528 115.5078 0 0
393 185.9791 119.3307 0 0
394 188.2000 115.5084 0 0
395 190.4183 119.3337 0 0
396 192.6397 115.4918 0 0
397 194.8567 119.3332 0 0
398 197.0781 115.4905 0 0
399 199.2950 119.3348 0 0
400 201.5067 115.4978 0 0
401 203.7318 119.3380 0 0
402 205.9432 115.5199 0 0
403 208.1696 119.3440 0 0
404 210.3911 115.5207 0 0
405 212.6097 119.3469 0 0
406 214.8221 115.5097 0 0
407 217.0492 119.3449 0 0
408 219.2709 115.5021 0 0
409 221.4881 119.3475 0 0
410 223.7222 115.5158 0 0
411 225.9292 119.3521 0 0
412 228.1513 115.5093 0 0
413 230.3665 119.3531 0 0
414 232.5884 115.5101 0 0
415 234.8054 119.3555 0 0
416 237.0272 115.5124 0 0
417 239.2445 119.3580 0 0
418 241.4663 115.5154 0 0
419 243.6835 119.3606 0 0
420 245.9053 115.5181 0 0
421 248.1226 119.3632 0 0
422 250.3449 115.5190 0 0
423 252.5616 119.3654 0 0
424 254.7839 115.5214 0 0
425 257.0003 119.3676 0 0
426 259.2212 115.5256 0 0
427 261.4380 119.3702 0 0
428 263.6579 115.5293 0 0
429 265.8734 119.3721 0 0
430 268.0936 115.5329 0 0
431 270.3075 119.3736 0 0
432 272.5265 115.5370 0 0
433 274.7398 119.3758 0 0
434 276.9575 115.5404 0 0
435 279.1693 119.3774 0 0
436 281.3861 115.5446 0 0
437 283.5968 119.3792 0 0
438 92.9205 111.6084 0 0
439 115.0552 111.6900 0 0
440 141.6454 111.6682 0 0
441 168.2336 111.6766 0 0
442 190.4200 111.6880 0 0
443 239.2487 111.6698 0 0
444 212.6118 111.7164 0 0
445 274.7618 111.7153 0 0
446 257.0074 111.6791 0 0
447 285.8123 115.5485 0 0
448 288.0219 119.3806 0 0
449 290.2361 115.5522 0 0
450 292.4447 119.3823 0 0
451 294.6604 115.5569 0 0
452 292.4506 111.7257 0 0
453 296.8735 111.7308 0 0
454 294.6638 107.9000 0 0
455 296.8686 119.3921 0 0
456 299.0828 107.9036 0 0
457 296.8762 104.0747 0 0
458 301.2943 104.0780 0 0
459 299.0885 100.2499 0 0
460 285.8085 123.1964 0 0
461 268.0894 123.2128 0 0
462 223.6872 123.1797 0 0
463 250.3305 123.1877 0 0
464 170.4293 123.1462 0 0
465 143.8078 123.1323 0 0
466 103.9350 123.1033 0 0
467 205.9311 123.1710 0 0
468 188.1783 123.1622 0 0
469 303.5060 100.2531 0 0
470 301.3002 96.4252 0 0
471 126.0721 123.1195 0 0
472 305.7270 96.4444 0 0
473 303.5127 92.6014 0 0
474 299.0934 92.5969 0 0
475 305.7143 104.0976 0 0
476 301.3067 88.7718 0 0
477 296.8862 88.7686 0 0
478 305.7257 88.7753 0 0
479 75.1961 142.1926 0 0
480 303.5198 84.9467 0 0
481 307.9383 84.9509 0 0
482 305.7324 81.1219 0 0
483 310.1510 81.1263 0 0
484 307.9461 77.2975 0 0
485 312.3642 77.3023 0 0
486 314.5679 81.1295 0 0
487 316.7774 77.3087 0 0
488 318.9796 81.1342 0 0
489 77.4597 115.4297 0 0
490 128.3449 111.6994 0 0
491 237.0288 123.1975 0 0
492 154.9237 111.6883 0 0
493 157.1109 123.1353 0 0
494 225.9429 111.6953 0 0
495 79.6684 111.6087 0 0
496 303.5260 77.2924 0 0
497 314.5765 73.4810 0 0
498 318.9913 73.4857 0 0
499 75.2552 111.6027 0 0
500 77.4573 107.7891 0 0
501 73.0501 107.7802 0 0
502 75.2513 103.9682 0 0
503 68.5638 153.6650 0 0
504 316.7894 69.6598 0 0
505 321.2043 69.6619 0 0
506 70.8462 103.9634 0 0
507 73.0528 100.1448 0 0
508 68.6435 100.1428 0 0
509 70.8500 96.3238 0 0
510 75.2618 96.3247 0 0
511 73.0570 92.5025 0 0
512 77.4705 92.5035 0 0
513 75.2641 88.6641 0 0
514 79.6803 88.6776 0 0
515 77.4699 84.8462 0 0
516 81.8845 84.8568 0 0
517 79.6692 81.0126 0 0
518 84.0994 81.0330 0 0
519 81.8896 77.1982 0 0
520 86.3130 77.2156 0 0
521 77.4644 77.1913 0 0
522 84.1026 73.3733 0 0
523 88.5257 73.3753 0 0
524 90.7361 77.2201 0 0
525 92.9493 73.3769 0 0
526 95.1603 77.2168 0 0
527 97.3742 73.3771 0 0
528 99.5859 77.2181 0 0
529 101.8005 73.3778 0 0
530 104.0124 77.2105 0 0
531 106.2279 73.3769 0 0
532 108.4410 77.2104 0 0
533 110.6570 73.3776 0 0
534 112.8703 77.2149 0 0
535 115.0870 73.3791 0 0
536 117.3010 77.2170 0 0
537 119.5165 73.3813 0 0
538 121.7323 77.2217 0 0
539 123.9449 73.3834 0 0
540 126.1639 77.2288 0 0
541 128.3785 73.3847 0 0
542 130.5970 77.2293 0 0
543 132.8135 73.3868 0 0
544 135.0315 77.2269 0 0
545 137.2440 73.3878 0 0
546 139.4662 77.2270 0 0
547 141.6801 73.3877 0 0
548 143.9006 77.2294 0 0
549 146.1174 73.3901 0 0
550 148.3362 77.2307 0 0
551 150.5535 73.3918 0 0
552 152.7722 77.2319 0 0
553 154.9918 73.3920 0 0
554 157.2089 77.2339 0 0
555 159.4265 73.3945 0 0
556 161.6454 77.2356 0 0
557 163.8630 73.3970 0 0
558 166.0828 77.2383 0 0
559 168.3025 73.3976 0 0
560 170.5201 77.2390 0 0
561 172.7403 73.3980 0 0
562 174.9577 77.2405 0 0
563 177.1781 73.3994 0 0
564 179.3956 77.2435 0 0
565 181.6137 73.4025 0 0
566 183.8332 77.2457 0 0
567 186.0513 73.4060 0 0
568 188.2713 77.2479 0 0
569 190.4919 73.4066 0 0
570 192.7101 77.2496 0 0
571 194.9308 73.4065 0 0
572 197.1487 77.2510 0 0
573 199.3696 73.4079 0 0
574 201.5875 77.2527 0 0
575 203.8083 73.4094 0 0
576 206.0263 77.2544 0 0
577 208.2472 73.4111 0 0
578 210.4652 77.2562 0 0
579 212.6862 73.4127 0 0
580 214.9042 77.2579 0 0
581 217.1253 73.4144 0 0
582 219.3434 77.2597 0 0
583 221.5644 73.4161 0 0
584 223.7825 77.2614 0 0
585 226.0035 73.4178 0 0
586 228.2216 77.2630 0 0
587 230.4426 73.4222 0 0
588 232.6605 77.2651 0 0
589 234.8820 73.4261 0 0
590 237.0994 77.2671 0 0
591 239.3207 73.4257 0 0
592 241.5378 77.2683 0 0
593 243.7584 73.4253 0 0
594 245.9758 77.2694 0 0
595 248.1961 73.4269 0 0
596 250.4135 77.2708 0 0
597 252.6336 73.4287 0 0
598 254.8506 77.2720 0 0
599 257.0703 73.4308 0 0
600 95.1624 69.5464 0 0
601 259.2870 77.2734 0 0
602 261.5060 73.4332 0 0
603 117.2983 69.5469 0 0
604 130.5810 69.5449 0 0
605 143.8873 69.5506 0 0
606 157.2067 69.5558 0 0
607 170.5226 69.5574 0 0
608 192.7121 69.5668 0 0
609 241.5408 69.5865 0 0
610 254.8540 69.5875 0 0
611 210.4681 69.5676 0 0
612 228.2252 69.5791 0 0
613 70.8495 88.6645 0 0
614 68.6405 107.7819 0 0
615 68.6022 130.6710 0 0
616 263.7218 77.2745 0 0
617 265.9404 73.4355 0 0
618 319.0003 65.8128 0 0
619 323.4361 65.8240 0 0
620 325.6212 69.6623 0 0
621 327.8622 65.8368 0 0
622 314.5791 65.8005 0 0
623 330.0343 69.6694 0 0
624 101.8020 81.0507 0 0
625 177.1765 81.0824 0 0
626 199.3690 81.0931 0 0
627 248.1949 81.1119 0 0
628 321.2748 61.9398 0 0
629 81.8278 130.7351 0 0
630 332.2381 65.8577 0 0
631 268.1555 77.2757 0 0
632 270.3735 73.4377 0 0
633 268.1589 69.5973 0 0
634 272.5917 69.5996 0 0
635 270.3772 65.7593 0 0
636 274.8099 65.7616 0 0
637 265.9378 81.1143 0 0
638 272.5955 61.9214 0 0
639 277.0283 61.9236 0 0
640 119.5220 81.0682 0 0
641 132.8196 81.0752 0 0
642 146.1188 81.0718 0 0
643 159.4307 81.0761 0 0
644 230.4416 81.1068 0 0
645 217.1268 81.1009 0 0
646 61.9914 142.1367 0 0
647 334.4364 69.6775 0 0
648 270.3703 81.1154 0 0
649 277.0152 69.6071 0 0
650 268.1534 84.9529 0 0
651 274.8140 58.0828 0 0
652 279.2471 58.0854 0 0
653 270.3800 58.0809 0 0
654 84.1004 88.7037 0 0
655 292.4660 104.0758 0 0
656 336.6430 65.8650 0 0
657 334.4471 62.0469 0 0
658 272.5849 84.9543 0 0
659 61.9323 165.1271 0 0
660 272.5990 54.2413 0 0
661 268.1639 54.2395 0 0
662 338.8401 69.6817 0 0
663 336.6341 73.4921 0 0
664 338.8511 62.0534 0 0
665 336.6643 58.2400 0 0
666 270.3682 88.7913 0 0
667 265.9367 88.7904 0 0
668 274.7991 88.7920 0 0
669 277.0151 84.9563 0 0
670 55.3875 153.5523 0 0
671 341.0611 58.2412 0 0
672 338.8648 54.4222 0 0
673 334.4880 54.4059 0 0
674 341.0349 73.4973 0 0
675 338.8316 77.3042 0 0
676 268.1517 92.6280 0 0
677 263.7198 92.6281 0 0
678 343.2684 54.4290 0 0
679 341.0725 50.6078 0 0
680 270.3835 50.3993 0 0
681 265.9477 50.3971 0 0
682 343.2296 77.3090 0 0
683 341.0272 81.1158 0 0
684 336.6291 81.1111 0 0
685 338.8255 84.9217 0 0
686 310.1438 88.7791 0 0
687 73.0446 115.4119 0 0
688 301.2936 111.7469 0 0
689 276.9532 123.2130 0 0
690 259.2174 123.2122 0 0
691 239.3208 81.1085 0 0
692 281.4565 61.9293 0 0
693 283.6788 58.0889 0 0
694 285.8884 61.9304 0 0
695 288.1107 58.0912 0 0
696 285.8978 54.2513 0 0
697 290.3298 54.2545 0 0
698 292.5431 58.0933 0 0
699 294.7611 54.2578 0 0
700 288.1166 50.4153 0 0
701 294.6537 123.2121 0 0
702 299.0733 123.2200 0 0
703 296.8618 127.0387 0 0
704 301.2801 127.0416 0 0
705 299.0710 130.8655 0 0
706 303.4877 130.8680 0 0
707 301.2772 134.6935 0 0
708 305.6949 134.6945 0 0
709 307.9049 130.8705 0 0
710 310.1111 134.6958 0 0
711 312.3192 130.8734 0 0
712 314.5245 134.6963 0 0
713 316.7318 130.8762 0 0
714 307.9030 138.5196 0 0
715 318.9354 134.6962 0 0
716 321.1408 130.8790 0 0
717 323.3441 134.6977 0 0
718 321.1397 138.5136 0 0
719 325.5494 130.8836 0 0
720 325.5475 138.5155 0 0
721 323.3424 142.3310 0 0
722 327.7501 142.3326 0 0
723 325.5446 146.1490 0 0
724 323.3473 127.0650 0 0
725 327.7527 127.0692 0 0
726 325.5522 123.2531 0 0
727 296.8547 134.6845 0 0
728 329.9535 146.1496 0 0
729 327.7499 149.9684 0 0
730 323.3379 149.9674 0 0
731 329.9668 123.2680 0 0
732 327.7589 119.4443 0 0
733 325.5438 153.7878 0 0
734 321.1304 153.7877 0 0
735 329.9562 153.7886 0 0
736 332.1799 119.4745 0 0
737 329.9607 115.6328 0 0
738 332.1872 127.1098 0 0
739 334.3715 115.6545 0 0
740 332.1618 111.8218 0 0
741 327.7498 157.6094 0 0
742 332.1630 157.6088 0 0
743 336.5627 111.8281 0 0
744 334.3638 108.0168 0 0
745 329.9640 108.0123 0 0
746 338.7988 107.9415 0 0
747 338.7659 115.6603 0 0
748 323.3565 119.4419 0 0
749 329.9570 161.4308 0 0
750 334.3700 161.4292 0 0
751 336.5738 157.6095 0 0
752 338.7802 161.4284 0 0
753 332.1568 142.3331 0 0
754 340.9825 157.6105 0 0
755 332.1664 104.2049 0 0
756 327.7650 104.2001 0 0
757 336.5775 165.2475 0 0
758 340.9870 165.2461 0 0
759 329.9751 100.3662 0 0
760 325.5672 100.3809 0 0
761 327.7838 96.4913 0 0
762 323.3617 104.1972 0 0
763 303.4956 123.2357 0 0
764 299.0664 138.5214 0 0
765 294.6450 138.5202 0 0
766 296.8541 142.3510 0 0
767 292.4359 142.3470 0 0
768 294.6419 146.1818 0 0
769 290.2197 146.1731 0 0
770 292.4297 150.0137 0 0
771 288.0023 150.0000 0 0
772 290.2145 153.8455 0 0
773 285.7865 153.8442 0 0
774 283.5736 149.9964 0 0
775 281.3597 153.8412 0 0
776 279.1441 150.0028 0 0
777 276.9345 153.8408 0 0
778 274.7136 150.0018 0 0
779 272.5010 153.8415 0 0
780 270.2810 150.0021 0 0
781 268.0654 153.8393 0 0
782 265.8465 150.0006 0 0
783 263.6302 153.8378 0 0
784 261.4108 149.9980 0 0
785 259.1946 153.8361 0 0
786 256.9748 149.9965 0 0
787 254.7581 153.8345 0 0
788 252.5374 149.9940 0 0
789 250.3175 153.8348 0 0
790 248.0999 149.9928 0 0
791 245.8792 153.8335 0 0
792 243.6619 149.9914 0 0
793 241.4410 153.8318 0 0
794 239.2237 149.9881 0 0
795 237.0027 153.8298 0 0
796 234.7851 149.9873 0 0
797 232.5641 153.8238 0 0
798 230.3464 149.9851 0 0
799 228.1253 153.8203 0 0
800 225.9076 149.9828 0 0
801 223.6864 153.8224 0 0
802 221.4686 149.9817 0 0
803 219.2474 153.8178 0 0
804 217.0296 149.9794 0 0
805 214.8084 153.8144 0 0
806 212.5906 149.9773 0 0
807 210.3693 153.8164 0 0
808 208.1515 149.9760 0 0
809 205.9303 153.8162 0 0
810 203.7125 149.9746 0 0
811 201.4912 153.8146 0 0
812 199.2735 149.9728 0 0
813 197.0523 153.8127 0 0
814 194.8314 149.9693 0 0
815 192.6128 153.8104 0 0
816 190.3919 149.9671 0 0
817 188.1738 153.8083 0 0
818 185.9529 149.9651 0 0
819 183.7350 153.8063 0 0
820 181.5141 149.9632 0 0
821 179.2963 153.8004 0 0
822 177.0790 149.9588 0 0
823 174.8575 153.7968 0 0
824 172.6376 149.9581 0 0
825 170.4186 153.7986 0 0
826 168.1987 149.9571 0 0
827 165.9811 153.7943 0 0
828 163.7578 149.9533 0 0
829 161.5419 153.7910 0 0
830 159.3160 149.9527 0 0
831 157.1032 153.7926 0 0
832 154.8852 149.9510 0 0
833 152.6676 153.7885 0 0
834 150.4509 149.9475 0 0
835 148.2313 153.7878 0 0
836 146.0145 149.9457 0 0
837 143.7944 153.7841 0 0
838 141.5778 149.9437 0 0
839 139.3579 153.7821 0 0
840 137.1415 149.9420 0 0
841 134.9217 153.7796 0 0
842 132.7056 149.9402 0 0
843 130.4861 153.7786 0 0
844 128.2700 149.9391 0 0
845 126.0511 153.7768 0 0
846 123.8353 149.9376 0 0
847 121.6168 153.7736 0 0
848 119.4016 149.9356 0 0
849 117.1831 153.7730 0 0
850 114.9680 149.9344 0 0
851 112.7502 153.7716 0 0
852 110.5356 149.9332 0 0
853 108.3183 153.7693 0 0
854 106.1043 149.9317 0 0
855 103.8876 153.7674 0 0
856 294.6418 153.8486 0 0
857 283.5808 157.6766 0 0
858 270.3041 157.6790 0 0
859 221.4704 157.6550 0 0
860 101.6745 149.9308 0 0
861 99.4581 153.7654 0 0
862 208.1484 157.6577 0 0
863 168.1992 157.6307 0 0
864 154.8849 157.6250 0 0
865 141.5792 157.6156 0 0
866 128.2692 157.6123 0 0
867 114.9659 157.6085 0 0
868 101.6710 157.6026 0 0
869 97.2416 157.5998 0 0
870 252.5519 157.6721 0 0
871 234.7855 157.6612 0 0
872 190.3921 157.6531 0 0
873 117.1805 146.0979 0 0
874 134.9160 146.1015 0 0
875 179.2826 146.1178 0 0
876 197.0372 146.1320 0 0
877 214.7966 146.1393 0 0
878 152.6564 146.1088 0 0
879 97.2464 149.9292 0 0
880 99.4605 146.0962 0 0
881 272.4949 146.1618 0 0
882 165.9681 146.1153 0 0
883 245.8694 146.1500 0 0
884 232.5545 146.1462 0 0
885 99.4539 161.4375 0 0
886 95.0244 161.4349 0 0
887 259.1943 146.1546 0 0
888 95.0329 146.0964 0 0
889 97.2478 142.2638 0 0
890 108.3181 146.0967 0 0
891 299.0662 146.1828 0 0
892 126.0468 146.0996 0 0
893 143.7874 146.1039 0 0
894 92.8126 157.5980 0 0
895 90.5958 161.4315 0 0
896 88.3841 157.5965 0 0
897 86.1685 161.4282 0 0
898 188.1559 146.1268 0 0
899 205.9186 146.1368 0 0
900 223.6745 146.1422 0 0
901 110.6621 81.0604 0 0
902 248.1266 111.6741 0 0
903 334.3879 100.3776 0 0
904 186.0511 81.0901 0 0
905 168.3042 81.0784 0 0
906 208.2470 81.0966 0 0
907 214.8089 123.1755 0 0
908 199.3002 111.6844 0 0
909 219.3463 69.5708 0 0
910 199.2700 157.6572 0 0
911 201.5904 69.5644 0 0
912 197.0548 123.1657 0 0
913 177.1111 111.6736 0 0
914 243.6621 157.6697 0 0
915 179.3032 123.1561 0 0
916 181.5158 157.6374 0 0
917 179.3933 69.5626 0 0
918 261.4301 157.6733 0 0
919 134.9492 123.1326 0 0
920 112.7955 123.1089 0 0
921 101.7808 111.6607 0 0
922 104.0149 69.5432 0 0
923 292.4271 157.6821 0 0
924 296.8546 157.6836 0 0
925 294.6400 161.5173 0 0
926 299.0636 161.5162 0 0
927 296.8522 165.3528 0 0
928 301.2767 165.3513 0 0
929 301.2763 157.6735 0 0
930 281.3463 146.1428 0 0
931 95.1114 123.0969 0 0
932 86.3153 69.5425 0 0
933 81.8919 69.5410 0 0
934 84.1045 65.7105 0 0
935 79.6796 65.7093 0 0
936 81.8931 61.8784 0 0
937 77.4674 61.8772 0 0
938 79.6815 58.0458 0 0
939 75.2561 58.0452 0 0
940 73.0429 61.8759 0 0
941 70.8325 58.0464 0 0
942 68.6211 61.8756 0 0
943 84.1075 58.0465 0 0
944 66.4123 58.0481 0 0
945 64.2039 61.8731 0 0
946 61.9940 58.0472 0 0
947 59.7888 61.8711 0 0
948 61.9944 65.6927 0 0
949 64.2022 54.2239 0 0
950 59.7847 54.2220 0 0
951 81.8950 54.2123 0 0
952 86.3232 54.2132 0 0
953 57.5848 65.6904 0 0
954 59.7867 69.5088 0 0
955 55.3829 69.5155 0 0
956 57.5822 73.3237 0 0
957 84.1089 50.3769 0 0
958 88.5385 50.3779 0 0
959 61.9934 50.4005 0 0
960 57.5776 50.3993 0 0
961 53.1801 65.7224 0 0
962 73.0424 54.2166 0 0
963 66.4406 96.3232 0 0
964 64.2357 100.1392 0 0
965 62.0339 96.3235 0 0
966 59.8303 100.1355 0 0
967 57.6308 96.3235 0 0
968 55.4284 100.1332 0 0
969 53.2308 96.3215 0 0
970 55.4310 92.5137 0 0
971 57.6270 103.9443 0 0
972 79.6764 96.3276 0 0
973 292.4239 165.3519 0 0
974 90.7521 54.2145 0 0
975 92.9684 50.3787 0 0
976 263.7280 54.2380 0 0
977 261.5114 50.4054 0 0
978 325.5415 161.4325 0 0
979 327.7506 165.2570 0 0
980 323.3317 165.2581 0 0
981 259.2914 54.2383 0 0
982 257.0744 50.4054 0 0
983 254.8542 54.2374 0 0
984 252.6369 50.4040 0 0
985 250.4164 54.2360 0 0
986 248.1990 50.3952 0 0
987 95.1827 54.2169 0 0
988 97.3992 50.3799 0 0
989 99.6139 54.2184 0 0
990 101.8308 50.3809 0 0
991 104.0458 54.2201 0 0
992 106.2633 50.3818 0 0
993 92.8065 165.2687 0 0
994 245.9783 54.2334 0 0
995 243.7606 50.3990 0 0
996 241.5397 54.2325 0 0
997 239.3219 50.3982 0 0
998 237.1009 54.2312 0 0
999 234.8830 50.3897 0 0
1000 290.2062 138.4884 0 0
1001 232.6619 54.2284 0 0
1002 230.4438 50.3935 0 0
1003 228.2227 54.2275 0 0
1004 226.0046 50.3928 0 0
1005 223.7834 54.2261 0 0
1006 221.5652 50.3912 0 0
1007 219.3440 54.2245 0 0
1008 217.1258 50.3895 0 0
1009 214.9046 54.2228 0 0
1010 212.6864 50.3877 0 0
1011 210.4652 54.2210 0 0
1012 208.2470 50.3859 0 0
1013 206.0257 54.2193 0 0
1014 203.8075 50.3842 0 0
1015 201.5863 54.2175 0 0
1016 199.3682 50.3824 0 0
1017 197.1469 54.2158 0 0
1018 194.9288 50.3807 0 0
1019 192.7075 54.2141 0 0
1020 190.4895 50.3788 0 0
1021 188.2684 54.2122 0 0
1022 186.0504 50.3703 0 0
1023 183.8292 54.2092 0 0
1024 181.6113 50.3740 0 0
1025 179.3902 54.2081 0 0
1026 177.1723 50.3732 0 0
1027 174.9511 54.2067 0 0
1028 172.7333 50.3717 0 0
1029 170.5121 54.2050 0 0
1030 168.2945 50.3699 0 0
1031 166.0735 54.2031 0 0
1032 163.8559 50.3615 0 0
1033 161.6348 54.2002 0 0
1034 159.4173 50.3650 0 0
1035 157.1962 54.1991 0 0
1036 154.9790 50.3641 0 0
1037 152.7582 54.1974 0 0
1038 150.5408 50.3562 0 0
1039 148.3203 54.1944 0 0
1040 146.1029 50.3596 0 0
1041 143.8823 54.1931 0 0
1042 141.6651 50.3585 0 0
1043 139.4447 54.1914 0 0
1044 137.2276 50.3509 0 0
1045 135.0074 54.1885 0 0
1046 132.7905 50.3540 0 0
1047 130.5701 54.1870 0 0
1048 128.3536 50.3528 0 0
1049 126.1335 54.1851 0 0
1050 279.2249 88.7953 0 0
1051 296.9742 58.0960 0 0
1052 299.1924 54.2611 0 0
1053 296.9796 50.4228 0 0
1054 301.4099 50.4264 0 0
1055 294.7563 61.9302 0 0
1056 108.4782 54.2215 0 0
1057 123.9173 50.3513 0 0
1058 281.4369 84.9576 0 0
1059 277.0126 92.6285 0 0
1060 265.9358 96.4646 0 0
1061 343.2505 62.0685 0 0
1062 261.5025 96.4663 0 0
1063 53.2282 103.9418 0 0
1064 55.4244 107.7512 0 0
1065 343.2223 84.9260 0 0
1066 53.1851 73.3554 0 0
1067 95.1840 46.5418 0 0
1068 130.5969 46.5356 0 0
1069 143.9185 46.5369 0 0
1070 157.2339 46.5426 0 0
1071 170.5506 46.5484 0 0
1072 345.4850 50.6106 0 0
1073 343.2820 46.7933 0 0
1074 338.8701 46.7844 0 0
1075 192.7469 46.5576 0 0
1076 241.5809 46.5774 0 0
1077 254.8967 46.5832 0 0
1078 51.0286 107.7489 0 0
1079 53.2233 111.5570 0 0
1080 51.0333 92.5119 0 0
1081 338.7844 169.0647 0 0
1082 343.1936 169.0617 0 0
1083 50.9789 161.2378 0 0
1084 299.0654 169.1893 0 0
1085 303.4952 169.1901 0 0
1086 305.6968 165.3389 0 0
1087 307.9163 169.1654 0 0
1088 104.0478 46.5421 0 0
1089 108.4815 46.5430 0 0
1090 59.7846 46.5769 0 0
1091 55.3694 46.5789 0 0
1092 64.2031 46.5742 0 0
1093 53.1644 50.3997 0 0
1094 179.4289 46.5518 0 0
1095 345.4323 73.5040 0 0
1096 325.5426 169.0867 0 0
1097 201.6259 46.5613 0 0
1098 210.5050 46.5649 0 0
1099 86.3242 46.5410 0 0
1100 81.8940 46.5402 0 0
1101 219.3841 46.5685 0 0
1102 228.2631 46.5719 0 0
1103 263.7410 46.5720 0 0
1104 57.5079 172.7518 0 0
1105 50.9553 46.5803 0 0
1106 61.9869 73.3255 0 0
1107 59.7868 77.1364 0 0
1108 321.1620 100.3804 0 0
1109 303.6232 54.2642 0 0
1110 305.8407 50.4302 0 0
1111 303.6284 46.5917 0 0
1112 308.0588 46.5962 0 0
1113 310.2703 50.4342 0 0
1114 312.4885 46.6010 0 0
1115 259.2865 92.6267 0 0
1116 257.0686 96.4660 0 0
1117 92.8218 142.2638 0 0
1118 318.9240 149.9648 0 0
1119 316.7147 153.7866 0 0
1120 281.4398 92.6304 0 0
1121 279.2266 96.4635 0 0
1122 299.1811 61.9402 0 0
1123 48.8290 111.5542 0 0
1124 51.0230 115.3620 0 0
1125 55.4178 115.3644 0 0
1126 53.2170 119.1706 0 0
1127 57.6138 119.1735 0 0
1128 55.4118 122.9792 0 0
1129 51.0157 122.9759 0 0
1130 53.2097 126.7843 0 0
1131 83.9583 157.5945 0 0
1132 81.7433 161.4257 0 0
1133 83.9532 165.2591 0 0
1134 79.5276 165.2561 0 0
1135 81.7371 169.0896 0 0
1136 77.3118 169.0857 0 0
1137 345.3937 165.2433 0 0
1138 95.0365 138.4320 0 0
1139 99.4609 138.4323 0 0
1140 265.8795 111.6985 0 0
1141 46.5614 168.8730 0 0
1142 48.8319 103.9367 0 0
1143 53.1597 42.7599 0 0
1144 334.4221 84.9277 0 0
1145 341.0216 88.7312 0 0
1146 345.3553 88.7696 0 0
1147 347.6175 84.9302 0 0
1148 343.2067 92.5439 0 0
1149 347.5368 92.5836 0 0
1150 345.3974 96.3516 0 0
1151 48.8146 126.7796 0 0
1152 51.0081 130.5881 0 0
1153 53.2279 88.7079 0 0
1154 347.7052 46.7929 0 0
1155 314.6987 50.4379 0 0
1156 316.9165 46.6062 0 0
1157 319.1262 50.4420 0 0
1158 321.3435 46.6114 0 0
1159 318.9563 104.1947 0 0
1160 64.1886 77.1419 0 0
1161 338.7785 153.7944 0 0
1162 343.1825 153.7958 0 0
1163 340.9821 149.9835 0 0
1164 345.3824 149.9831 0 0
1165 343.1832 146.1746 0 0
1166 347.5828 153.7945 0 0
1167 347.5792 146.1757 0 0
1168 345.3822 142.3686 0 0
1169 86.1727 153.7644 0 0
1170 57.6209 88.6825 0 0
1171 81.8764 107.8093 0 0
1172 314.5313 127.0567 0 0
1173 55.4032 130.5930 0 0
1174 53.2010 134.3976 0 0
1175 48.8055 134.3918 0 0
1176 50.9981 138.2008 0 0
1177 274.8183 50.4018 0 0
1178 272.6033 46.5590 0 0
1179 277.0386 46.5616 0 0
1180 283.6181 111.7241 0 0
1181 92.9525 81.0695 0 0
1182 265.9443 65.7568 0 0
1183 103.8846 161.4404 0 0
1184 101.6668 165.2769 0 0
1185 106.0992 165.2795 0 0
1186 103.8803 169.1173 0 0
1187 108.3141 169.1198 0 0
1188 70.8218 65.7007 0 0
1189 327.8169 73.4837 0 0
1190 254.8522 92.6260 0 0
1191 252.6338 96.4656 0 0
1192 248.1968 58.0751 0 0
1193 250.4170 92.6257 0 0
1194 248.1979 96.4653 0 0
1195 245.9806 92.6245 0 0
1196 243.7612 96.4647 0 0
1197 305.7405 73.4665 0 0
1198 301.3192 73.4616 0 0
1199 299.1039 77.2887 0 0
1200 296.8972 73.4572 0 0
1201 294.6817 77.2848 0 0
1202 292.4728 73.4518 0 0
1203 234.8801 58.0726 0 0
1204 186.0471 58.0537 0 0
1205 241.5434 92.6214 0 0
1206 239.3239 96.4636 0 0
1207 237.1059 92.6199 0 0
1208 234.8859 96.4627 0 0
1209 163.8524 58.0441 0 0
1210 150.5373 58.0379 0 0
1211 232.6687 92.6193 0 0
1212 230.4478 96.4620 0 0
1213 228.2305 92.6207 0 0
1214 226.0094 96.4615 0 0
1215 223.7909 92.6195 0 0
1216 221.5706 96.4607 0 0
1217 219.3520 92.6161 0 0
1218 217.1318 96.4593 0 0
1219 214.9132 92.6146 0 0
1220 212.6930 96.4581 0 0
1221 210.4745 92.6135 0 0
1222 208.2542 96.4571 0 0
1223 206.0358 92.6126 0 0
1224 203.8155 96.4561 0 0
1225 201.5971 92.6116 0 0
1226 199.3769 96.4551 0 0
1227 197.1586 92.6107 0 0
1228 194.9385 96.4540 0 0
1229 192.7202 92.6098 0 0
1230 190.5002 96.4529 0 0
1231 188.2820 92.6089 0 0
1232 186.0621 96.4518 0 0
1233 183.8440 92.6079 0 0
1234 181.6242 96.4507 0 0
1235 179.4062 92.6070 0 0
1236 177.1865 96.4497 0 0
1237 174.9686 92.6062 0 0
1238 172.7491 96.4485 0 0
1239 170.5313 92.6053 0 0
1240 168.3118 96.4475 0 0
1241 166.0942 92.6044 0 0
1242 163.8749 96.4462 0 0
1243 161.6576 92.6035 0 0
1244 159.4385 96.4450 0 0
1245 157.2212 92.6027 0 0
1246 155.0023 96.4440 0 0
1247 152.7852 92.6019 0 0
1248 150.5665 96.4428 0 0
1249 148.3497 92.6010 0 0
1250 146.1313 96.4415 0 0
1251 143.9147 92.6003 0 0
1252 141.6963 96.4404 0 0
1253 139.4801 92.5996 0 0
1254 137.2621 96.4390 0 0
1255 135.0463 92.5987 0 0
1256 132.8287 96.4376 0 0
1257 130.6131 92.5980 0 0
1258 128.3957 96.4365 0 0
1259 126.1805 92.5974 0 0
1260 123.9635 96.4350 0 0
1261 121.7488 92.5968 0 0
1262 119.5324 96.4335 0 0
1263 117.3180 92.5962 0 0
1264 115.1018 96.4323 0 0
1265 112.8882 92.5957 0 0
1266 110.6726 96.4306 0 0
1267 108.4594 92.5950 0 0
1268 106.2446 96.4289 0 0
1269 104.0320 92.5947 0 0
1270 101.8175 96.4277 0 0
1271 99.6057 92.5942 0 0
1272 97.3920 96.4258 0 0
1273 137.2244 58.0309 0 0
1274 314.5109 149.9633 0 0
1275 294.6726 92.5944 0 0
1276 48.8352 88.7055 0 0
1277 347.6855 54.4331 0 0
1278 121.7049 54.1874 0 0
1279 123.9149 58.0246 0 0
1280 321.1198 169.0875 0 0
1281 318.9173 165.2550 0 0
1282 119.4828 58.0238 0 0
1283 108.4567 100.2641 0 0
1284 81.7496 153.7625 0 0
1285 83.9623 149.9290 0 0
1286 121.7463 100.2715 0 0
1287 135.0440 100.2775 0 0
1288 232.6662 100.3061 0 0
1289 148.3476 100.2830 0 0
1290 219.3503 100.3038 0 0
1291 161.6555 100.2876 0 0
1292 206.0339 100.3006 0 0
1293 183.8421 100.2945 0 0
1294 75.1028 165.2527 0 0
1295 72.8867 169.0818 0 0
1296 48.7537 50.3992 0 0
1297 48.7456 42.7611 0 0
1298 341.0848 42.9621 0 0
1299 336.6786 42.9540 0 0
1300 347.5995 169.0562 0 0
1301 84.1096 42.7040 0 0
1302 79.6791 42.7035 0 0
1303 106.2653 42.7023 0 0
1304 110.7001 42.7032 0 0
1305 61.9919 42.7467 0 0
1306 66.4124 42.7428 0 0
1307 274.8235 42.7183 0 0
1308 279.2592 42.7213 0 0
1309 305.8473 42.7563 0 0
1310 301.4154 42.7517 0 0
1311 314.7071 42.7680 0 0
1312 46.6384 92.5102 0 0
1313 340.9910 172.8845 0 0
1314 336.5774 172.8890 0 0
1315 46.6035 138.1960 0 0
1316 48.7956 142.0034 0 0
1317 46.6298 115.3578 0 0
1318 301.2802 173.0275 0 0
1319 296.8489 173.0264 0 0
1320 323.3328 172.9187 0 0
1321 318.9067 172.9195 0 0
1322 51.0291 84.9020 0 0
1323 46.6387 84.8995 0 0
1324 59.8101 122.9833 0 0
1325 95.1812 92.5936 0 0
1326 92.9685 96.4244 0 0
1327 316.7547 100.3768 0 0
1328 318.9614 96.5614 0 0
1329 50.9596 54.2148 0 0
1330 312.4818 54.2561 0 0
1331 106.1183 172.9719 0 0
1332 110.5392 172.9571 0 0
1333 112.7503 169.1209 0 0
1334 114.9664 172.9366 0 0
1335 117.1846 169.1185 0 0
1336 119.4006 172.9358 0 0
1337 121.6203 169.1191 0 0
1338 123.8364 172.9537 0 0
1339 126.0568 169.1233 0 0
1340 128.2734 172.9434 0 0
1341 130.4939 169.1235 0 0
1342 132.7108 172.9447 0 0
1343 134.9315 169.1249 0 0
1344 137.1486 172.9618 0 0
1345 139.3695 169.1293 0 0
1346 141.5868 172.9526 0 0
1347 143.8077 169.1297 0 0
1348 146.0252 172.9543 0 0
1349 148.2463 169.1314 0 0
1350 150.4638 172.9698 0 0
1351 152.6850 169.1355 0 0
1352 154.9026 172.9619 0 0
1353 157.1238 169.1362 0 0
1354 159.3415 172.9639 0 0
1355 161.5628 169.1380 0 0
1356 163.7806 172.9776 0 0
1357 166.0019 169.1418 0 0
1358 168.2197 172.9711 0 0
1359 170.4411 169.1427 0 0
1360 172.6590 172.9734 0 0
1361 174.8803 169.1446 0 0
1362 177.0983 172.9755 0 0
1363 179.3197 169.1465 0 0
1364 181.5376 172.9794 0 0
1365 183.7591 169.1488 0 0
1366 185.9770 172.9818 0 0
1367 188.1985 169.1510 0 0
1368 190.4165 172.9858 0 0
1369 192.6380 169.1533 0 0
1370 194.8560 172.9882 0 0
1371 197.0775 169.1554 0 0
1372 199.2956 172.9922 0 0
1373 201.5171 169.1578 0 0
1374 203.7351 172.9989 0 0
1375 205.9567 169.1606 0 0
1376 208.1747 172.9985 0 0
1377 210.3963 169.1624 0 0
1378 212.6143 173.0020 0 0
1379 214.8359 169.1646 0 0
1380 217.0539 173.0054 0 0
1381 219.2755 169.1669 0 0
1382 221.4935 173.0075 0 0
1383 223.7150 169.1690 0 0
1384 225.9330 173.0115 0 0
1385 228.1546 169.1713 0 0
1386 230.3725 173.0139 0 0
1387 232.5942 169.1735 0 0
1388 234.8120 173.0179 0 0
1389 237.0335 169.1760 0 0
1390 239.2514 173.0203 0 0
1391 241.4727 169.1781 0 0
1392 243.6906 172.9840 0 0
1393 245.9119 169.1739 0 0
1394 248.1297 172.9785 0 0
1395 250.3509 169.1737 0 0
1396 252.5727 173.1038 0 0
1397 254.7904 169.1961 0 0
1398 257.0122 173.1297 0 0
1399 259.2292 169.2056 0 0
1400 261.5253 173.0997 0 0
1401 263.6798 169.2039 0 0
1402 266.0187 173.1676 0 0
1403 268.1289 169.2167 0 0
1404 270.3885 173.1340 0 0
1405 272.5565 169.2151 0 0
1406 274.7577 173.0374 0 0
1407 276.9798 169.2003 0 0
1408 279.1937 173.0396 0 0
1409 101.6645 172.9579 0 0
1410 279.2266 81.1171 0 0
1411 62.0132 119.1752 0 0
1412 257.0699 88.7890 0 0
1413 97.2495 134.6006 0 0
1414 101.6744 134.6005 0 0
1415 97.3977 58.0562 0 0
1416 257.0739 58.0770 0 0
1417 177.1688 58.0502 0 0
1418 312.3016 153.7887 0 0
1419 106.2607 58.0595 0 0
1420 321.1573 108.0123 0 0
1421 316.7509 108.0102 0 0
1422 199.3650 58.0591 0 0
1423 208.2439 58.0624 0 0
1424 226.0016 58.0692 0 0
1425 217.1228 58.0656 0 0
1426 75.0957 172.9162 0 0
1427 70.6695 172.9115 0 0
1428 90.6135 138.4315 0 0
1429 310.0999 149.9696 0 0
1430 290.2624 77.2793 0 0
1431 288.0476 73.4460 0 0
1432 292.4640 88.7645 0 0
1433 281.4129 169.1991 0 0
1434 283.6217 173.0373 0 0
1435 283.6466 96.4633 0 0
1436 281.4400 100.2978 0 0
1437 277.0123 100.2972 0 0
1438 119.4977 50.3553 0 0
1439 121.7331 46.5284 0 0
1440 349.7968 165.2414 0 0
1441 323.5511 50.4464 0 0
1442 95.1779 100.2557 0 0
1443 90.7559 100.2532 0 0
1444 259.2852 100.3061 0 0
1445 46.5514 54.2122 0 0
1446 44.3436 50.3959 0 0
1447 250.4157 100.3070 0 0
1448 241.5421 100.3070 0 0
1449 192.7185 100.2970 0 0
1450 170.5294 100.2906 0 0
1451 349.7243 96.3921 0 0
1452 347.5894 100.1565 0 0
1453 325.7543 46.6254 0 0
1454 323.5578 42.7826 0 0
1455 349.7753 142.3695 0 0
1456 347.5794 138.5646 0 0
1457 343.1864 138.5628 0 0
1458 345.3844 134.7594 0 0
1459 349.7761 134.7612 0 0
1460 347.5821 130.9572 0 0
1461 340.9910 134.7578 0 0
1462 351.5302 92.3726 0 0
1463 44.4127 134.3873 0 0
1464 338.9236 176.8326 0 0
1465 44.4015 141.9994 0 0
1466 46.5928 145.8066 0 0
1467 44.4374 111.5533 0 0
1468 299.1619 176.9357 0 0
1469 343.4186 176.8000 0 0
1470 272.6594 177.0325 0 0
1471 50.7488 39.3463 0 0
1472 46.5041 39.2764 0 0
1473 334.3939 176.7407 0 0
1474 223.7115 176.8598 0 0
1475 64.2641 38.9493 0 0
1476 68.6311 38.9125 0 0
1477 210.3928 176.8538 0 0
1478 303.5500 176.9141 0 0
1479 170.5866 176.8303 0 0
1480 81.4773 38.0024 0 0
1481 86.2573 38.7222 0 0
1482 157.2684 176.8089 0 0
1483 143.9510 176.7876 0 0
1484 130.6350 176.7661 0 0
1485 351.9149 100.1968 0 0
1486 349.7815 103.9593 0 0
1487 338.8188 92.5916 0 0
1488 117.3222 176.7460 0 0
1489 294.6608 176.9022 0 0
1490 352.2256 169.1244 0 0
1491 103.9034 176.8137 0 0
1492 50.9884 145.8121 0 0
1493 57.5981 134.4031 0 0
1494 64.2077 122.9902 0 0
1495 48.8319 81.0967 0 0
1496 44.4427 81.0937 0 0
1497 48.7846 149.6151 0 0
1498 44.3897 149.6089 0 0
1499 46.5806 153.4175 0 0
1500 42.1868 153.4089 0 0
1501 44.3766 157.2189 0 0
1502 79.5418 149.9269 0 0
1503 61.9877 80.9537 0 0
1504 66.3909 80.9638 0 0
1505 68.5967 77.1447 0 0
1506 48.7597 58.0325 0 0
1507 44.3533 58.0241 0 0
1508 46.5625 61.8712 0 0
1509 123.9639 88.7599 0 0
1510 274.7644 165.3586 0 0
1511 97.3938 88.7623 0 0
1512 137.2639 88.7594 0 0
1513 88.4012 142.2597 0 0
1514 86.1925 138.4305 0 0
1515 106.2483 88.7517 0 0
1516 150.5682 88.7602 0 0
1517 88.5469 96.4239 0 0
1518 44.3286 42.8187 0 0
1519 92.9700 88.7619 0 0
1520 316.7688 85.0020 0 0
1521 321.1823 84.9884 0 0
1522 323.3901 81.1344 0 0
1523 325.5978 84.9537 0 0
1524 323.3864 88.7889 0 0
1525 327.7946 88.7777 0 0
1526 347.6253 77.3129 0 0
1527 349.8273 73.5091 0 0
1528 352.0180 77.3152 0 0
1529 347.6351 69.7017 0 0
1530 352.0282 69.7070 0 0
1531 46.6221 122.9705 0 0
1532 44.4231 126.7736 0 0
1533 115.1034 88.7598 0 0
1534 59.8237 107.7580 0 0
1535 343.2205 100.2072 0 0
1536 77.4686 69.5406 0 0
1537 77.4659 46.5407 0 0
1538 73.0334 123.0598 0 0
1539 190.4970 88.7666 0 0
1540 225.9315 165.3272 0 0
1541 64.2375 92.4957 0 0
1542 349.8375 65.9008 0 0
1543 212.6131 165.3209 0 0
1544 349.8432 172.8779 0 0
1545 270.3867 42.7158 0 0
1546 101.8309 42.7016 0 0
1547 104.0485 38.7613 0 0
1548 99.6156 39.0955 0 0
1549 103.8865 138.4325 0 0
1550 106.1003 134.6005 0 0
1551 172.6578 165.3028 0 0
1552 159.3410 165.2969 0 0
1553 119.4035 165.2823 0 0
1554 292.4396 127.0274 0 0
1555 146.0286 165.2915 0 0
1556 132.7141 165.2865 0 0
1557 221.5723 88.7775 0 0
1558 88.5286 65.7126 0 0
1559 86.1635 169.0946 0 0
1560 83.9474 172.8998 0 0
1561 88.3728 172.9022 0 0
1562 316.7224 146.1418 0 0
1563 332.2278 81.1095 0 0
1564 62.0060 126.7963 0 0
1565 314.5601 96.5528 0 0
1566 163.8758 88.7622 0 0
1567 172.7494 88.7636 0 0
1568 76.9035 38.7151 0 0
1569 108.3129 138.4348 0 0
1570 110.5279 134.6005 0 0
1571 112.7412 138.4361 0 0
1572 114.9568 134.6007 0 0
1573 181.6208 88.7645 0 0
1574 303.5399 69.6375 0 0
1575 243.7633 88.7821 0 0
1576 318.9529 111.8256 0 0
1577 314.5454 111.8261 0 0
1578 316.7487 115.6372 0 0
1579 312.3387 115.6383 0 0
1580 310.1352 111.8225 0 0
1581 59.5083 38.3468 0 0
1582 314.5051 157.6115 0 0
1583 234.8881 88.7770 0 0
1584 203.8154 88.7713 0 0
1585 290.2741 69.6138 0 0
1586 212.6947 88.7699 0 0
1587 68.6200 46.5664 0 0
1588 281.4081 176.8807 0 0
1589 121.6993 61.8659 0 0
1590 117.2796 61.8754 0 0
1591 126.1301 61.8657 0 0
1592 117.1709 138.4373 0 0
1593 119.3868 134.6009 0 0
1594 121.6017 138.4385 0 0
1595 123.8180 134.6012 0 0
1596 121.6026 130.7636 0 0
1597 46.6375 77.2911 0 0
1598 126.0335 138.4396 0 0
1599 128.2504 134.6015 0 0
1600 130.4661 138.4406 0 0
1601 132.6835 134.6017 0 0
1602 134.8995 138.4415 0 0
1603 137.1171 134.6021 0 0
1604 139.3336 138.4425 0 0
1605 141.5516 134.6024 0 0
1606 185.9703 165.3098 0 0
1607 265.8875 165.3478 0 0
1608 194.8489 165.3138 0 0
1609 257.0111 165.3514 0 0
1610 203.7276 165.3180 0 0
1611 143.7683 138.4433 0 0
1612 145.9865 134.6028 0 0
1613 148.2035 138.4442 0 0
1614 150.4219 134.6033 0 0
1615 285.8355 69.6108 0 0
1616 283.6245 73.4447 0 0
1617 99.4622 130.7714 0 0
1618 95.0372 130.7741 0 0
1619 248.1266 165.3396 0 0
1620 239.2459 165.3363 0 0
1621 152.6392 138.4450 0 0
1622 154.8578 134.6037 0 0
1623 157.0754 138.4424 0 0
1624 159.2942 134.6036 0 0
1625 161.5119 138.4460 0 0
1626 163.7308 134.6044 0 0
1627 152.6403 130.7695 0 0
1628 165.9487 138.4436 0 0
1629 168.1678 134.6044 0 0
1630 170.3859 138.4438 0 0
1631 172.6051 134.6048 0 0
1632 174.8233 138.4444 0 0
1633 177.0426 134.6052 0 0
1634 165.9497 130.7701 0 0
1635 179.2609 138.4474 0 0
1636 181.4804 134.6061 0 0
1637 183.6988 138.4462 0 0
1638 185.9183 134.6064 0 0
1639 188.1369 138.4466 0 0
1640 190.3565 134.6068 0 0
1641 192.5751 138.4472 0 0
1642 194.7948 134.6073 0 0
1643 197.0135 138.4480 0 0
1644 199.2333 134.6079 0 0
1645 201.4521 138.4486 0 0
1646 203.6719 134.6084 0 0
1647 205.8907 138.4494 0 0
1648 208.1106 134.6090 0 0
1649 210.3295 138.4501 0 0
1650 212.5494 134.6096 0 0
1651 214.7683 138.4509 0 0
1652 216.9883 134.6101 0 0
1653 219.2072 138.4515 0 0
1654 221.4272 134.6107 0 0
1655 223.6461 138.4523 0 0
1656 225.8661 134.6113 0 0
1657 228.0851 138.4530 0 0
1658 230.3050 134.6120 0 0
1659 232.5262 138.4551 0 0
1660 234.7443 134.6254 0 0
1661 236.9628 138.4577 0 0
1662 239.1938 134.6349 0 0
1663 241.4034 138.4617 0 0
1664 243.6346 134.6250 0 0
1665 245.8444 138.4600 0 0
1666 248.0628 134.6173 0 0
1667 250.2813 138.4585 0 0
1668 252.4989 134.6164 0 0
1669 254.7168 138.4594 0 0
1670 256.9354 134.6168 0 0
1671 259.1540 138.4591 0 0
1672 261.3720 134.6177 0 0
1673 263.5902 138.4590 0 0
1674 265.8077 134.6191 0 0
1675 268.0244 138.4600 0 0
1676 270.2420 134.6205 0 0
1677 272.4579 138.4599 0 0
1678 274.6749 134.6217 0 0
1679 276.8901 138.4597 0 0
1680 279.1062 134.6232 0 0
1681 281.3205 138.4600 0 0
1682 283.5354 134.6242 0 0
1683 232.5405 130.8121 0 0
1684 245.8448 130.7800 0 0
1685 310.0915 157.6159 0 0
1686 312.3076 161.4484 0 0
1687 108.3143 130.7705 0 0
1688 307.9290 115.6377 0 0
1689 310.1331 119.4419 0 0
1690 259.4724 177.1240 0 0
1691 292.4342 173.0239 0 0
1692 285.8294 176.8710 0 0
1693 130.4670 130.7624 0 0
1694 83.9841 142.2544 0 0
1695 139.3346 130.7620 0 0
1696 250.2143 176.9171 0 0
1697 86.3355 100.2435 0 0
1698 279.2259 104.1321 0 0
1699 283.6518 104.1137 0 0
1700 77.3376 153.7680 0 0
1701 174.8242 130.7629 0 0
1702 241.5544 176.9353 0 0
1703 183.6997 130.7635 0 0
1704 192.5761 130.7642 0 0
1705 281.3415 130.7983 0 0
1706 201.4530 130.7651 0 0
1707 210.3305 130.7660 0 0
1708 88.4116 134.6068 0 0
1709 219.2082 130.7670 0 0
1710 272.4802 130.7950 0 0
1711 232.5905 176.8638 0 0
1712 88.5302 104.0497 0 0
1713 334.4947 46.7560 0 0
1714 263.6114 130.7915 0 0
1715 254.7373 130.7887 0 0
1716 327.9539 42.8173 0 0
1717 274.7978 104.1315 0 0
1718 70.6929 165.2573 0 0
1719 72.8963 161.4243 0 0
1720 197.0740 176.8477 0 0
1721 188.1950 176.8436 0 0
1722 179.3161 176.8395 0 0
1723 272.6073 38.8739 0 0
1724 268.1810 38.9901 0 0
1725 99.4461 176.7698 0 0
1726 97.2260 172.9523 0 0
1727 95.0424 176.7260 0 0
1728 351.9692 130.9601 0 0
1729 349.7790 127.1562 0 0
1730 345.3887 127.1537 0 0
1731 347.5863 123.3530 0 0
1732 351.9756 123.3551 0 0
1733 349.7722 119.4757 0 0
1734 343.1949 123.3494 0 0
1735 340.9964 127.1515 0 0
1736 303.6351 38.9151 0 0
1737 299.2018 38.9109 0 0
1738 307.9592 38.9828 0 0
1739 296.9829 42.7480 0 0
1740 294.7677 38.9070 0 0
1741 292.5499 42.7447 0 0
1742 290.3330 38.9029 0 0
1743 288.1149 42.7414 0 0
1744 285.8981 38.8986 0 0
1745 338.8836 39.1311 0 0
1746 343.3045 39.1381 0 0
1747 72.8785 176.7217 0 0
1748 68.4520 176.7114 0 0
1749 66.2609 172.8917 0 0
1750 64.0446 176.7183 0 0
1751 77.3627 176.7003 0 0
1752 42.1563 61.8839 0 0
1753 44.3767 65.7601 0 0
1754 334.5097 39.2130 0 0
1755 351.9632 146.1711 0 0
1756 42.2401 115.3529 0 0
1757 336.8845 180.7776 0 0
1758 325.7583 38.9629 0 0
1759 321.4266 38.9927 0 0
1760 321.2426 176.8543 0 0
1761 316.7657 176.7405 0 0
1762 325.7375 176.8281 0 0
1763 42.0753 176.4315 0 0
1764 354.1134 65.9736 0 0
1765 352.0196 62.1118 0 0
1766 356.8827 62.0776 0 0
1767 354.2403 58.3012 0 0
1768 297.0130 180.8083 0 0
1769 283.6592 180.7006 0 0
1770 354.4798 165.2899 0 0
1771 352.0142 161.4430 0 0
1772 316.7611 92.7385 0 0
1773 64.2024 84.8005 0 0
1774 338.8049 123.3441 0 0
1775 321.3357 54.2747 0 0
1776 325.7458 54.2858 0 0
1777 70.8133 80.9708 0 0
1778 354.1652 103.9601 0 0
1779 351.9789 107.7524 0 0
1780 347.6009 107.7495 0 0
1781 349.7782 111.6075 0 0
1782 354.0037 111.4594 0 0
1783 345.3674 111.7228 0 0
1784 338.7812 146.1700 0 0
1785 53.1696 58.0424 0 0
1786 53.2311 81.0932 0 0
1787 296.9410 65.7850 0 0
1788 265.8106 142.3021 0 0
1789 88.3878 149.9318 0 0
1790 338.7918 138.5618 0 0
1791 336.5926 134.7474 0 0
1792 285.7772 130.8127 0 0
1793 252.5030 142.3036 0 0
1794 123.9243 65.7080 0 0
1795 272.5834 100.2970 0 0
1796 270.3611 104.1015 0 0
1797 283.6842 50.4110 0 0
1798 239.1905 142.3035 0 0
1799 42.2581 39.0492 0 0
1800 108.3168 161.4416 0 0
1801 257.0684 81.1135 0 0
1802 42.3335 122.9025 0 0
1803 323.3595 111.8246 0 0
1804 296.8911 81.1156 0 0
1805 307.9567 69.6445 0 0
1806 305.7720 65.8190 0 0
1807 290.2501 92.5920 0 0
1808 292.4676 96.4250 0 0
1809 66.4145 119.1904 0 0
1810 64.2152 115.3700 0 0
1811 172.6139 142.2775 0 0
1812 159.2957 142.2788 0 0
1813 329.9605 169.0792 0 0
1814 283.6410 81.1106 0 0
1815 312.3534 100.3496 0 0
1816 75.1564 149.8908 0 0
1817 81.7985 138.3950 0 0
1818 68.5171 161.3664 0 0
1819 288.0481 88.7740 0 0
1820 290.2641 84.9396 0 0
1821 285.8266 169.1858 0 0
1822 283.6150 165.3522 0 0
1823 110.6798 58.0617 0 0
1824 108.4565 61.8998 0 0
1825 104.0315 61.8944 0 0
1826 112.8889 54.2204 0 0
1827 101.6941 180.5814 0 0
1828 112.9018 46.5440 0 0
1829 115.1294 42.7014 0 0
1830 112.9178 38.8615 0 0
1831 117.3470 38.8584 0 0
1832 115.2173 35.0655 0 0
1833 86.2788 176.6893 0 0
1834 314.4968 172.9241 0 0
1835 312.4670 176.8712 0 0
1836 353.9557 134.8575 0 0
1837 353.9503 142.2286 0 0
1838 341.2257 35.3769 0 0
1839 354.1725 119.5563 0 0
1840 356.6158 123.3292 0 0
1841 42.4070 84.8053 0 0
1842 42.3941 77.3743 0 0
1843 44.4643 73.5038 0 0
1844 40.1860 111.6314 0 0
1845 42.4036 107.8303 0 0
1846 44.0019 35.0162 0 0
1847 354.2079 172.8603 0 0
1848 352.0170 176.6784 0 0
1849 66.4117 35.0771 0 0
1850 84.1111 35.0270 0 0
1851 119.7685 34.1248 0 0
1852 121.8166 38.7106 0 0
1853 345.3378 35.4444 0 0
1854 347.6963 39.1684 0 0
1855 39.6287 73.7577 0 0
1856 39.3082 149.2624 0 0
1857 38.2060 153.2225 0 0
1858 323.7054 35.0728 0 0
1859 288.2343 35.0096 0 0
1860 283.8103 35.0864 0 0
1861 296.9881 35.0681 0 0
1862 305.8556 35.0776 0 0
1863 70.9441 35.0609 0 0
1864 39.4599 57.5587 0 0
1865 38.4009 61.5983 0 0
1866 39.5056 35.8517 0 0
1867 37.9907 115.5214 0 0
1868 88.5449 35.0274 0 0
1869 90.7463 38.8425 0 0
1870 92.9794 35.0284 0 0
1871 319.3288 180.8096 0 0
1872 39.4549 126.7449 0 0
1873 124.2079 34.8582 0 0
1874 126.2599 38.8093 0 0
1875 128.5718 35.0346 0 0
1876 130.6871 38.8566 0 0
1877 133.0959 34.1303 0 0
1878 135.1462 38.7196 0 0
1879 137.5286 34.8663 0 0
1880 139.5875 38.8111 0 0
1881 141.8924 35.0404 0 0
1882 144.0145 38.8567 0 0
1883 137.3078 42.6702 0 0
1884 146.4174 34.1416 0 0
1885 148.4660 38.7253 0 0
1886 356.5970 176.3455 0 0
1887 357.7457 169.4831 0 0
1888 150.9284 34.8116 0 0
1889 152.9193 38.8064 0 0
1890 155.2275 35.0346 0 0
1891 157.3377 38.8584 0 0
1892 150.6266 42.6743 0 0
1893 159.7821 34.0956 0 0
1894 161.7928 38.7216 0 0
1895 164.3058 34.7451 0 0
1896 166.2490 38.7982 0 0
1897 168.5587 35.0264 0 0
1898 170.6602 38.8591 0 0
1899 163.9471 42.6761 0 0
1900 173.0805 34.1418 0 0
1901 175.1089 38.7230 0 0
1902 110.9098 34.8730 0 0
1903 177.2850 35.0437 0 0
1904 179.5108 38.8518 0 0
1905 181.9722 34.9228 0 0
1906 183.9855 38.8646 0 0
1907 74.1788 32.2914 0 0
1908 186.4416 34.9906 0 0
1909 188.4360 38.8689 0 0
1910 190.6412 35.0588 0 0
1911 192.8375 38.8823 0 0
1912 186.1413 42.7180 0 0
1913 195.1551 34.9888 0 0
1914 197.2833 38.8740 0 0
1915 101.6022 34.7231 0 0
1916 359.7612 165.1045 0 0
1917 199.6034 34.9952 0 0
1918 201.7255 38.8749 0 0
1919 204.0313 34.9978 0 0
1920 206.1638 38.8767 0 0
1921 288.0794 180.7578 0 0
1922 117.2046 31.2014 0 0
1923 208.5135 34.9770 0 0
1924 210.6104 38.8747 0 0
1925 212.9126 35.0012 0 0
1926 215.0446 38.8796 0 0
1927 130.5256 31.2081 0 0
1928 217.3933 34.9819 0 0
1929 219.4903 38.8785 0 0
1930 221.7923 35.0059 0 0
1931 223.9243 38.8835 0 0
1932 143.8449 31.2186 0 0
1933 226.2301 35.0089 0 0
1934 228.3628 38.8860 0 0
1935 230.8252 34.9475 0 0
1936 232.8282 38.8880 0 0
1937 157.1690 31.2242 0 0
1938 235.2865 35.0255 0 0
1939 237.2758 38.8919 0 0
1940 239.4802 35.0804 0 0
1941 241.6759 38.9029 0 0
1942 234.9786 42.7393 0 0
1943 243.9745 35.0390 0 0
1944 246.1180 38.9096 0 0
1945 170.4883 31.2364 0 0
1946 354.2169 180.4884 0 0
1947 349.9687 180.5638 0 0
1948 248.5146 35.0872 0 0
1949 250.5574 38.9140 0 0
1950 252.8871 35.1293 0 0
1951 254.9789 38.9208 0 0
1952 248.2855 42.7504 0 0
1953 257.3187 35.0679 0 0
1954 259.4173 38.9165 0 0
1955 193.4509 30.8939 0 0
1956 351.9504 115.4745 0 0
1957 347.5531 115.6191 0 0
1958 332.3969 180.6474 0 0
1959 261.8991 35.2841 0 0
1960 264.6278 31.3572 0 0
1961 356.4193 69.7127 0 0
1962 242.2710 30.9930 0 0
1963 255.6237 31.0357 0 0
1964 35.6490 111.5191 0 0
1965 48.7719 157.2275 0 0
1966 349.9700 34.6718 0 0
1967 352.1466 39.0506 0 0
1968 354.3660 35.3377 0 0
1969 357.1326 39.5245 0 0
1970 354.3508 42.9805 0 0
1971 358.6104 35.3606 0 0
1972 53.1839 149.6416 0 0
1973 55.3863 145.8158 0 0
1974 42.2617 69.7396 0 0
1975 46.6392 69.6851 0 0
1976 39.4568 65.8219 0 0
1977 65.2861 30.7138 0 0
1978 321.1712 92.7264 0 0
1979 323.5324 58.1074 0 0
1980 327.9236 58.1641 0 0
1981 106.1671 180.6151 0 0
1982 343.3190 31.4749 0 0
1983 77.6771 34.7054 0 0
1984 312.3549 92.7000 0 0
1985 341.0017 119.5423 0 0
1986 356.6802 115.0619 0 0
1987 82.9162 30.4229 0 0
1988 270.6583 35.0430 0 0
1989 275.1473 34.8969 0 0
1990 286.0696 184.6860 0 0
1991 66.4054 126.8274 0 0
1992 279.3230 180.8091 0 0
1993 356.1645 100.0393 0 0
1994 358.3257 103.7870 0 0
1995 357.6649 95.8675 0 0
1996 286.4224 31.0764 0 0
1997 59.8093 84.8179 0 0
1998 287.9802 134.6444 0 0
1999 40.1245 42.6975 0 0
2000 95.1818 84.9308 0 0
2001 90.7415 84.9188 0 0
2002 75.2556 180.5161 0 0
2003 343.2109 107.8317 0 0
2004 310.5495 35.4651 0 0
2005 314.1020 31.8622 0 0
2006 314.5704 36.2953 0 0
2007 348.3390 184.7505 0 0
2008 70.7338 157.5432 0 0
2009 279.1110 142.2994 0 0
2010 336.5919 119.5012 0 0
2011 336.6051 127.1398 0 0
2012 73.0138 77.1500 0 0
2013 70.8031 73.3298 0 0
2014 292.5073 65.7779 0 0
2015 307.8725 161.4412 0 0
2016 64.1839 130.6549 0 0
2017 66.3984 134.5175 0 0
2018 310.1087 165.2916 0 0
2019 66.2623 180.4986 0 0
2020 61.8292 180.5292 0 0
2021 59.6759 176.6303 0 0
2022 53.1474 180.3816 0 0
2023 46.5668 161.0315 0 0
2024 42.2671 161.0780 0 0
2025 44.3600 164.8351 0 0
2026 40.0769 164.8917 0 0
2027 180.5625 30.6930 0 0
2028 99.6028 84.9160 0 0
2029 319.0796 34.9954 0 0
2030 319.0899 58.0816 0 0
2031 316.8303 61.9426 0 0
2032 312.3986 61.9665 0 0
2033 353.8881 30.9221 0 0
2034 48.7746 65.7924 0 0
2035 77.3731 146.0462 0 0
2036 84.1238 96.4150 0 0
2037 81.9079 100.2285 0 0
2038 86.3269 92.5670 0 0
2039 349.8481 58.2940 0 0
2040 42.1533 168.6381 0 0
2041 37.8200 168.6149 0 0
2042 35.3855 164.3773 0 0
2043 39.8499 172.5507 0 0
2044 37.6092 176.3227 0 0
2045 39.8602 180.3395 0 0
2046 283.5589 142.3003 0 0
2047 202.4430 30.7219 0 0
2048 325.5844 92.6392 0 0
2049 329.9964 92.6253 0 0
2050 332.2040 96.4782 0 0
2051 336.6339 96.5887 0 0
2052 338.8265 100.2909 0 0
2053 332.2079 88.7702 0 0
2054 334.4057 92.6166 0 0
2055 42.1670 46.5764 0 0
2056 37.9997 46.2656 0 0
2057 40.1739 50.2045 0 0
2058 57.5793 149.6811 0 0
2059 211.6633 30.7015 0 0
2060 330.0127 84.9400 0 0
2061 327.8120 81.1171 0 0
2062 325.6878 61.9906 0 0
2063 334.3590 146.1487 0 0
2064 318.9704 88.8778 0 0
2065 325.6064 77.3051 0 0
2066 220.5434 30.7115 0 0
2067 328.4659 35.3574 0 0
2068 331.4089 32.2754 0 0
2069 75.1323 157.5919 0 0
2070 305.7234 111.8203 0 0
2071 303.5148 115.6410 0 0
2072 307.9320 108.0001 0 0
2073 229.4578 30.7328 0 0
2074 68.6202 115.3639 0 0
2075 230.3194 142.2975 0 0
2076 43.4511 30.1798 0 0
2077 128.3514 65.7049 0 0
2078 130.5671 61.8654 0 0
2079 349.9242 42.9586 0 0
2080 352.1300 46.7896 0 0
2081 356.3848 46.8872 0 0
2082 354.3060 50.6183 0 0
2083 358.5300 50.7906 0 0
2084 356.5309 54.4125 0 0
2085 360.8537 46.8189 0 0
2086 352.1024 54.4334 0 0
2087 48.7668 165.0430 0 0
2088 345.4442 65.8937 0 0
2089 40.0431 119.1497 0 0
2090 221.4385 142.2935 0 0
2091 44.3434 172.6801 0 0
2092 53.1783 157.4053 0 0
2093 42.1284 54.1999 0 0
2094 92.8160 149.9306 0 0
2095 349.8177 81.0358 0 0
2096 354.2086 81.0215 0 0
2097 356.4257 77.3094 0 0
2098 358.4470 81.3252 0 0
2099 356.0782 84.9530 0 0
2100 357.5683 88.8961 0 0
2101 353.5764 88.4163 0 0
2102 358.4678 73.3242 0 0
2103 212.5607 142.2913 0 0
2104 42.2228 130.5708 0 0
2105 35.0903 180.8019 0 0
2106 349.9106 50.6071 0 0
2107 322.8084 30.7362 0 0
2108 203.6830 142.2891 0 0
2109 257.1658 42.7522 0 0
2110 86.1812 146.0918 0 0
2111 343.1872 161.4272 0 0
2112 345.3877 157.6121 0 0
2113 349.7893 157.6084 0 0
2114 351.9785 153.7913 0 0
2115 354.0045 157.7370 0 0
2116 356.6149 153.8924 0 0
2117 354.0537 149.9229 0 0
2118 347.5948 161.4292 0 0
2119 70.8206 126.8809 0 0
2120 75.2486 65.7042 0 0
2121 44.4697 88.6882 0 0
2122 42.2520 92.5047 0 0
2123 44.4422 96.3102 0 0
2124 39.2986 96.2912 0 0
2125 42.2445 100.1100 0 0
2126 38.2715 92.1306 0 0
2127 46.6363 100.1192 0 0
2128 44.4666 103.9423 0 0
2129 39.5744 104.2760 0 0
2130 39.5651 88.1846 0 0
2131 51.0303 100.1309 0 0
2132 354.1977 73.4796 0 0
2133 66.4381 103.9590 0 0
2134 64.2267 107.7647 0 0
2135 40.3743 81.0272 0 0
2136 305.0483 30.7113 0 0
2137 194.8019 142.2848 0 0
2138 46.5490 46.5886 0 0
2139 299.0889 115.5752 0 0
2140 351.8805 138.5461 0 0
2141 42.1980 145.8024 0 0
2142 40.1740 142.0090 0 0
2143 42.3692 138.2707 0 0
2144 39.4848 134.7662 0 0
2145 64.2041 138.3482 0 0
2146 59.8117 138.3562 0 0
2147 326.1456 184.8274 0 0
2148 323.7058 180.7607 0 0
2149 317.3923 184.7697 0 0
2150 88.5287 88.7370 0 0
2151 334.3693 153.7922 0 0
2152 327.9312 50.4899 0 0
2153 55.3807 61.8721 0 0
2154 50.9712 61.8888 0 0
2155 57.5814 58.0453 0 0
2156 66.4046 65.6957 0 0
2157 75.2492 119.2460 0 0
2158 70.8254 119.2128 0 0
2159 39.3064 157.3736 0 0
2160 90.6068 146.0957 0 0
2161 48.8228 119.1652 0 0
2162 52.0047 29.8803 0 0
2163 50.2111 33.1693 0 0
2164 54.2162 33.4233 0 0
2165 56.4104 29.9174 0 0
2166 58.6169 33.7652 0 0
2167 303.5034 107.9245 0 0
2168 82.0624 184.3505 0 0
2169 79.7146 180.5250 0 0
2170 340.9584 111.8277 0 0
2171 329.9611 138.5243 0 0
2172 327.7537 134.7016 0 0
2173 332.1577 134.7043 0 0
2174 329.9695 130.9029 0 0
2175 185.9243 142.2823 0 0
2176 354.0686 127.2375 0 0
2177 305.6977 127.0453 0 0
2178 312.3542 84.9835 0 0
2179 339.5943 185.0831 0 0
2180 341.4214 180.7748 0 0
2181 334.9439 184.8478 0 0
2182 261.4441 111.6867 0 0
2183 263.6841 107.8781 0 0
2184 259.2503 107.8662 0 0
2185 254.8123 107.8595 0 0
2186 252.5699 111.6805 0 0
2187 250.3745 107.8582 0 0
2188 245.9361 107.8551 0 0
2189 308.0526 54.2627 0 0
2190 305.8250 58.1170 0 0
2191 301.4078 58.0993 0 0
2192 307.9390 100.3106 0 0
2193 68.4814 169.0842 0 0
2194 64.1078 169.0151 0 0
2195 308.5130 184.9890 0 0
2196 306.2484 181.1096 0 0
2197 301.6800 181.0020 0 0
2198 299.3462 184.7401 0 0
2199 310.4654 180.8761 0 0
2200 90.9158 184.3555 0 0
2201 88.5948 180.5430 0 0
2202 307.9372 92.6204 0 0
2203 345.4233 81.1049 0 0
2204 79.5399 157.5946 0 0
2205 310.1188 127.0572 0 0
2206 81.7756 146.0792 0 0
2207 332.2311 73.4872 0 0
2208 103.8880 146.0970 0 0
2209 68.6456 92.4996 0 0
2210 112.7472 146.0980 0 0
2211 295.9587 30.7270 0 0
2212 332.1617 149.9715 0 0
2213 285.7729 138.4747 0 0
2214 292.4203 134.6647 0 0
2215 312.3179 138.5156 0 0
2216 310.1103 142.3379 0 0
2217 305.6933 142.3434 0 0
2218 221.6574 42.7176 0 0
2219 279.1903 165.3560 0 0
2220 276.9692 161.5151 0 0
2221 272.5387 161.5173 0 0
2222 279.2312 65.7713 0 0
2223 84.0142 134.5811 0 0
2224 46.6662 107.7610 0 0
2225 104.8326 30.2814 0 0
2226 97.4273 33.1944 0 0
2227 106.5077 34.6787 0 0
2228 95.0290 153.7647 0 0
2229 92.8271 134.6031 0 0
2230 90.6230 130.7788 0 0
2231 92.8215 126.9418 0 0
2232 88.4476 126.9272 0 0
2233 272.5876 77.2777 0 0
2234 274.7998 73.4432 0 0
2235 277.0090 77.2802 0 0
2236 79.6791 50.3762 0 0
2237 212.7780 42.7139 0 0
2238 101.8270 58.0573 0 0
2239 99.6023 61.8914 0 0
2240 95.1755 61.8888 0 0
2241 92.9654 58.0517 0 0
2242 279.1957 111.7232 0 0
2243 299.0682 153.8492 0 0
2244 303.4869 153.8294 0 0
2245 301.2763 150.0112 0 0
2246 296.8540 150.0146 0 0
2247 303.4891 146.1817 0 0
2248 270.3245 111.7141 0 0
2249 203.8975 42.7111 0 0
2250 195.0166 42.7095 0 0
2251 91.9352 30.6039 0 0
2252 314.5579 88.8657 0 0
2253 46.6154 130.5824 0 0
2254 92.9490 104.0602 0 0
2255 97.3704 104.0646 0 0
2256 99.6014 100.2594 0 0
2257 101.8121 104.0737 0 0
2258 104.0289 100.2584 0 0
2259 106.2493 104.0876 0 0
2260 110.6567 104.0907 0 0
2261 108.4310 107.8945 0 0
2262 50.9833 184.2196 0 0
2263 349.7566 149.9731 0 0
2264 318.9393 127.0608 0 0
2265 316.7452 123.2490 0 0
2266 55.3835 77.1484 0 0
2267 113.1353 184.4214 0 0
2268 110.7426 180.6133 0 0
2269 108.4204 176.8403 0 0
2270 117.5885 184.4444 0 0
2271 119.7002 180.5980 0 0
2272 124.0953 180.5897 0 0
2273 126.4430 184.4649 0 0
2274 130.9066 184.4822 0 0
2275 133.0176 180.6286 0 0
2276 137.5831 180.6300 0 0
2277 44.4485 119.1498 0 0
2278 117.3158 100.2693 0 0
2279 119.5387 104.1017 0 0
2280 123.9467 104.1005 0 0
2281 121.7183 107.9058 0 0
2282 115.0993 104.1049 0 0
2283 261.4518 165.3562 0 0
2284 263.6620 161.5171 0 0
2285 88.5354 58.0482 0 0
2286 276.9180 130.8006 0 0
2287 172.8364 42.7108 0 0
2288 79.6715 73.3620 0 0
2289 259.2904 69.5905 0 0
2290 257.0748 65.7469 0 0
2291 252.6380 65.7434 0 0
2292 75.2525 50.3787 0 0
2293 121.6110 146.0992 0 0
2294 130.4782 146.1011 0 0
2295 316.9044 54.2544 0 0
2296 97.3762 81.0756 0 0
2297 104.0358 84.8831 0 0
2298 272.5829 92.6284 0 0
2299 252.6312 81.1125 0 0
2300 250.4133 84.9533 0 0
2301 254.7783 123.1998 0 0
2302 261.5046 81.1134 0 0
2303 139.3481 146.1031 0 0
2304 77.3182 161.4249 0 0
2305 126.1756 100.2720 0 0
2306 128.3906 104.1129 0 0
2307 130.6101 100.2753 0 0
2308 132.8352 104.1097 0 0
2309 137.2506 104.1050 0 0
2310 135.0357 107.9021 0 0
2311 268.0533 130.7973 0 0
2312 270.2447 142.3023 0 0
2313 252.5713 165.3465 0 0
2314 148.2192 146.1060 0 0
2315 112.8846 100.2671 0 0
2316 88.5195 81.0556 0 0
2317 66.4377 88.6801 0 0
2318 68.6280 84.8235 0 0
2319 73.0416 84.8031 0 0
2320 146.0997 58.0352 0 0
2321 148.3168 61.8766 0 0
2322 143.8792 61.8740 0 0
2323 152.7580 61.8807 0 0
2324 150.5446 65.7151 0 0
2325 141.6617 58.0331 0 0
2326 139.4423 61.8749 0 0
2327 135.0038 61.8684 0 0
2328 137.2252 65.7093 0 0
2329 141.6625 65.7101 0 0
2330 288.0375 111.7266 0 0
2331 154.9750 58.0399 0 0
2332 157.1981 61.8813 0 0
2333 143.9127 100.2814 0 0
2334 146.1288 104.1046 0 0
2335 150.5477 104.1125 0 0
2336 148.2945 107.8953 0 0
2337 141.6820 104.0851 0 0
2338 99.4481 169.1149 0 0
2339 285.8566 100.2762 0 0
2340 310.1598 73.4745 0 0
2341 256.9386 142.3034 0 0
2342 243.7598 81.1091 0 0
2343 272.9280 184.8846 0 0
2344 268.5412 184.8688 0 0
2345 266.3038 181.0386 0 0
2346 261.8571 180.9975 0 0
2347 263.9820 177.1349 0 0
2348 257.4474 180.9615 0 0
2349 254.8101 177.1317 0 0
2350 252.6781 180.8871 0 0
2351 248.2560 180.9019 0 0
2352 270.6294 181.0513 0 0
2353 159.4147 58.0418 0 0
2354 161.6336 61.8836 0 0
2355 166.0725 61.8868 0 0
2356 163.8575 65.7217 0 0
2357 168.2908 58.0458 0 0
2358 170.5141 61.8880 0 0
2359 172.7308 58.0480 0 0
2360 174.9540 61.8895 0 0
2361 179.3903 61.8897 0 0
2362 152.7803 100.2825 0 0
2363 154.9806 104.0966 0 0
2364 157.2193 100.2862 0 0
2365 159.4327 104.1050 0 0
2366 163.8559 104.1172 0 0
2367 161.6005 107.9002 0 0
2368 243.6821 165.3382 0 0
2369 259.1812 130.7947 0 0
2370 146.1955 42.6943 0 0
2371 243.8467 42.7406 0 0
2372 132.7869 58.0276 0 0
2373 276.9242 146.1548 0 0
2374 139.4746 100.2714 0 0
2375 234.8833 81.1065 0 0
2376 281.4720 46.5674 0 0
2377 114.9672 165.2824 0 0
2378 128.2748 165.2859 0 0
2379 123.8375 165.2834 0 0
2380 121.6200 161.4438 0 0
2381 174.8431 146.1177 0 0
2382 290.3099 61.9348 0 0
2383 263.6534 123.2135 0 0
2384 341.0448 65.8762 0 0
2385 274.7989 81.1169 0 0
2386 90.6002 153.7646 0 0
2387 234.8056 165.3349 0 0
2388 230.3712 165.3321 0 0
2389 228.1429 161.4901 0 0
2390 181.6086 58.0512 0 0
2391 183.8265 61.8927 0 0
2392 188.2658 61.8961 0 0
2393 186.0468 65.7301 0 0
2394 190.4861 58.0551 0 0
2395 192.7070 61.8965 0 0
2396 132.8303 88.7589 0 0
2397 135.0443 84.9175 0 0
2398 139.4799 84.9190 0 0
2399 130.6073 84.9208 0 0
2400 128.3847 81.0753 0 0
2401 137.2501 81.0696 0 0
2402 141.5887 165.2906 0 0
2403 137.1491 165.2883 0 0
2404 134.9284 161.4486 0 0
2405 194.9261 58.0571 0 0
2406 197.1479 61.8980 0 0
2407 201.5872 61.8996 0 0
2408 90.7574 92.5914 0 0
2409 243.6203 142.3025 0 0
2410 226.0031 81.1051 0 0
2411 228.2289 84.9443 0 0
2412 146.1327 88.7602 0 0
2413 148.3512 84.9187 0 0
2414 152.7837 84.9184 0 0
2415 259.6363 184.8396 0 0
2416 179.4044 100.2933 0 0
2417 181.6222 104.1183 0 0
2418 186.0438 104.1259 0 0
2419 177.1729 104.1017 0 0
2420 183.7871 107.9105 0 0
2421 174.9649 100.2864 0 0
2422 172.7216 104.1034 0 0
2423 168.2749 104.1035 0 0
2424 166.0837 100.2821 0 0
2425 230.5362 42.7295 0 0
2426 154.8983 165.2970 0 0
2427 150.4629 165.2941 0 0
2428 148.2397 161.4539 0 0
2429 159.5144 42.6985 0 0
2430 274.6834 142.3038 0 0
2431 203.8043 58.0605 0 0
2432 206.0264 61.9012 0 0
2433 210.4657 61.9029 0 0
2434 75.1584 42.6895 0 0
2435 163.7801 165.2997 0 0
2436 161.5481 161.4627 0 0
2437 168.2138 165.3031 0 0
2438 221.5670 81.1019 0 0
2439 190.4061 165.3123 0 0
2440 208.1652 165.3204 0 0
2441 221.4896 165.3287 0 0
2442 217.0540 165.3263 0 0
2443 214.8204 161.4875 0 0
2444 159.4394 88.7617 0 0
2445 161.6530 84.9198 0 0
2446 148.2046 130.7714 0 0
2447 150.4374 126.9546 0 0
2448 250.2939 130.7971 0 0
2449 199.2846 165.3163 0 0
2450 181.6968 42.7065 0 0
2451 177.0975 165.3055 0 0
2452 174.8637 161.4685 0 0
2453 181.5301 165.3090 0 0
2454 188.2775 100.2937 0 0
2455 190.4668 104.1162 0 0
2456 194.9072 104.1137 0 0
2457 197.1518 100.2937 0 0
2458 199.3572 104.1069 0 0
2459 201.5915 100.2927 0 0
2460 203.8100 104.1181 0 0
2461 208.2358 104.1315 0 0
2462 205.9782 107.9177 0 0
2463 285.7895 146.1573 0 0
2464 212.6835 58.0639 0 0
2465 214.9050 61.9045 0 0
2466 219.3443 61.9061 0 0
2467 241.4533 123.1955 0 0
2468 239.2292 127.0123 0 0
2469 245.8791 123.1862 0 0
2470 143.7695 130.7664 0 0
2471 139.7914 184.5026 0 0
2472 144.2314 184.5195 0 0
2473 146.3370 180.6597 0 0
2474 150.9028 180.6697 0 0
2475 153.1114 184.5399 0 0
2476 157.5514 184.5563 0 0
2477 159.7831 180.6963 0 0
2478 164.2230 180.7098 0 0
2479 119.5336 88.7595 0 0
2480 121.7475 84.9207 0 0
2481 117.1720 130.7697 0 0
2482 119.3974 126.9399 0 0
2483 123.8288 126.9452 0 0
2484 126.0341 130.7636 0 0
2485 166.4315 184.5771 0 0
2486 132.8733 42.6918 0 0
2487 270.3292 165.3607 0 0
2488 232.5834 123.1985 0 0
2489 161.5129 130.7724 0 0
2490 163.7445 126.9574 0 0
2491 281.3819 123.2060 0 0
2492 110.6740 88.7604 0 0
2493 112.8844 84.9141 0 0
2494 117.3185 84.9228 0 0
2495 254.7853 161.5137 0 0
2496 157.0764 130.7760 0 0
2497 250.4169 69.5849 0 0
2498 248.1998 65.7446 0 0
2499 170.8715 184.5954 0 0
2500 172.9753 180.7377 0 0
2501 221.5628 58.0674 0 0
2502 223.7837 61.9078 0 0
2503 228.2241 61.9101 0 0
2504 230.4416 58.0706 0 0
2505 232.6624 61.9138 0 0
2506 237.0988 61.9150 0 0
2507 234.8817 65.7543 0 0
2508 239.3190 58.0737 0 0
2509 241.5388 61.9118 0 0
2510 124.0108 42.7093 0 0
2511 199.3760 88.7705 0 0
2512 170.3869 130.7674 0 0
2513 214.9115 100.3027 0 0
2514 217.1301 104.1289 0 0
2515 221.5689 104.1483 0 0
2516 219.3109 107.9186 0 0
2517 212.6724 104.1132 0 0
2518 261.5109 58.0780 0 0
2519 179.2620 130.7631 0 0
2520 188.1379 130.7638 0 0
2521 134.9008 130.7620 0 0
2522 243.7581 58.0726 0 0
2523 194.9281 81.0917 0 0
2524 177.1834 88.7645 0 0
2525 197.0145 130.7646 0 0
2526 234.8098 111.6667 0 0
2527 237.0547 107.8456 0 0
2528 232.6199 107.8467 0 0
2529 230.3776 111.6744 0 0
2530 228.1655 107.8819 0 0
2531 212.6891 81.0985 0 0
2532 203.8091 81.0940 0 0
2533 223.6471 130.7676 0 0
2534 188.6315 184.6437 0 0
2535 190.8631 180.7897 0 0
2536 179.7515 184.6195 0 0
2537 181.9831 180.7630 0 0
2538 197.5115 184.6665 0 0
2539 199.7431 180.8164 0 0
2540 204.1830 180.8297 0 0
2541 206.3915 184.6886 0 0
2542 210.8315 184.7031 0 0
2543 213.0631 180.8564 0 0
2544 217.5030 180.8697 0 0
2545 219.7115 184.7257 0 0
2546 224.1515 184.7402 0 0
2547 226.3831 180.8964 0 0
2548 273.4882 30.8792 0 0
2549 241.8198 184.8253 0 0
2550 233.0315 184.7643 0 0
2551 235.2631 180.9230 0 0
2552 205.8917 130.7655 0 0
2553 186.0572 88.7657 0 0
2554 223.7734 100.2958 0 0
2555 168.3122 88.7631 0 0
2556 170.5279 84.9211 0 0
2557 194.9341 88.7683 0 0
2558 208.2537 88.7729 0 0
2559 228.1232 123.1799 0 0
2560 214.7693 130.7665 0 0
2561 128.3948 88.7600 0 0
2562 210.4668 100.2939 0 0
2563 223.7855 69.5742 0 0
2564 345.3744 119.5096 0 0
2565 190.4895 81.0910 0 0
2566 181.6131 81.0881 0 0
2567 228.0879 130.7908 0 0
2568 217.1335 88.7730 0 0
2569 62.0284 88.6439 0 0
2570 245.9794 69.5858 0 0
2571 214.9072 69.5692 0 0
2572 252.6372 58.0751 0 0
2573 219.2418 123.1729 0 0
2574 316.7306 138.5123 0 0
2575 203.7090 157.6569 0 0
2576 305.7074 173.0497 0 0
2577 206.0292 69.5661 0 0
2578 194.8310 157.6551 0 0
2579 210.3635 123.1701 0 0
2580 201.4866 123.1644 0 0
2581 185.9533 157.6473 0 0
2582 115.0905 81.0625 0 0
2583 228.2095 100.2770 0 0
2584 197.1516 69.5654 0 0
2585 194.8609 111.6822 0 0
2586 265.9463 58.0790 0 0
2587 123.9540 81.0733 0 0
2588 192.6102 123.1609 0 0
2589 272.5223 123.2119 0 0
2590 183.7338 123.1564 0 0
2591 239.2251 157.6651 0 0
2592 112.7424 130.7722 0 0
2593 110.5464 126.9444 0 0
2594 239.3256 88.7791 0 0
2595 174.9599 69.5605 0 0
2596 172.6733 111.6858 0 0
2597 237.1043 100.3063 0 0
2598 174.8597 123.1502 0 0
2599 155.0028 88.7611 0 0
2600 77.4682 54.2129 0 0
2601 248.1069 157.6709 0 0
2602 163.7336 142.2771 0 0
2603 263.7195 100.2925 0 0
2604 141.6977 88.7598 0 0
2605 141.6844 81.0713 0 0
2606 245.9789 100.3071 0 0
2607 139.3743 123.1341 0 0
2608 332.1653 165.2517 0 0
2609 128.3496 58.0257 0 0
2610 112.8719 69.5483 0 0
2611 277.0329 54.2440 0 0
2612 241.5018 107.8567 0 0
2613 103.8875 130.7730 0 0
2614 101.6938 126.9419 0 0
2615 68.6207 54.2225 0 0
2616 254.8505 100.3065 0 0
2617 95.0158 169.1107 0 0
2618 55.3714 54.2183 0 0
2619 268.1677 46.5569 0 0
2620 130.5064 123.1283 0 0
2621 88.5013 111.6189 0 0
2622 277.0565 176.9955 0 0
2623 110.5322 165.2816 0 0
2624 97.4004 42.7424 0 0
2625 110.6838 50.3865 0 0
2626 336.5720 149.9767 0 0
2627 321.1269 161.4324 0 0
2628 288.0007 157.6806 0 0
2629 108.5582 38.7634 0 0
2630 292.5486 50.4197 0 0
2631 277.0942 38.8384 0 0
2632 261.5043 88.7898 0 0
2633 84.0836 111.6225 0 0
2634 55.3874 138.2350 0 0
2635 268.0621 146.1607 0 0
2636 108.4433 69.5466 0 0
2637 35.1622 133.0697 0 0
2638 35.1837 124.5369 0 0
2639 97.2366 165.2731 0 0
2640 360.7369 112.5505 0 0
2641 35.3175 102.6056 0 0
2642 360.7420 121.1213 0 0
2643 152.7695 69.5556 0 0
2644 360.7406 125.4999 0 0
2645 90.7540 46.5419 0 0
2646 263.7255 69.5950 0 0
2647 101.8197 88.7503 0 0
2648 261.5098 65.7521 0 0
2649 36.0348 80.8991 0 0
2650 263.7215 84.9520 0 0
2651 299.1974 46.5876 0 0
2652 268.1629 61.9193 0 0
2653 99.6155 46.5481 0 0
2654 281.4655 54.2481 0 0
2655 360.5216 133.8917 0 0
2656 360.4812 143.2974 0 0
2657 97.3434 111.6345 0 0
2658 325.5620 108.0112 0 0
2659 64.1933 69.5110 0 0
2660 336.6169 88.7599 0 0
2661 321.1500 123.2517 0 0
2662 35.7588 142.0106 0 0
2663 99.5879 69.5450 0 0
2664 143.9137 84.9197 0 0
2665 341.0173 96.4290 0 0
2666 290.2192 161.5120 0 0
2667 301.4222 35.0736 0 0
2668 62.0303 103.9501 0 0
2669 360.6046 151.7558 0 0
2670 292.7234 34.9923 0 0
2671 90.7383 69.5449 0 0
2672 310.1517 42.8345 0 0
2673 48.8339 96.3146 0 0
2674 274.7985 96.4627 0 0
2675 101.6737 142.2640 0 0
2676 35.5080 71.9964 0 0
2677 361.0109 64.2653 0 0
2678 361.0398 59.8009 0 0
2679 314.5506 104.1883 0 0
2680 106.1017 157.6046 0 0
2681 316.7166 169.0903 0 0
2682 86.3194 61.8799 0 0
2683 345.4431 172.8930 0 0
2684 57.6183 111.5599 0 0
2685 88.5267 42.6765 0 0
2686 294.6445 169.1853 0 0
2687 265.9740 42.7477 0 0
2688 243.6975 111.6815 0 0
2689 57.6052 126.7888 0 0
2690 290.2547 107.9024 0 0
2691 81.8852 92.5050 0 0
2692 296.8825 96.4217 0 0
2693 303.4847 138.5188 0 0
2694 290.2319 123.2020 0 0
2695 360.5835 156.0968 0 0
2696 301.2740 142.3500 0 0
2697 239.4802 180.9160 0 0
2698 57.5292 42.6581 0 0
2699 327.7841 172.9231 0 0
2700 301.3123 81.1176 0 0
2701 312.3437 108.0075 0 0
2702 303.5877 61.9751 0 0
2703 323.3705 96.5413 0 0
2704 59.8304 92.4971 0 0
2705 343.1902 130.9554 0 0
2706 77.4643 100.1634 0 0
2707 150.5531 81.0706 0 0
2708 345.4226 103.9853 0 0
2709 334.4309 77.3007 0 0
2710 343.2386 69.6924 0 0
2711 88.3794 165.2634 0 0
2712 53.1869 142.0116 0 0
2713 279.2519 50.4057 0 0
2714 79.5305 172.8816 0 0
2715 340.9861 142.3672 0 0
2716 319.2257 42.8300 0 0
2717 345.4995 42.9689 0 0
2718 321.1339 146.1476 0 0
2719 270.3676 96.4625 0 0
2720 299.0991 84.9437 0 0
2721 154.9906 81.0729 0 0
2722 294.7667 46.5847 0 0
2723 263.6253 146.1582 0 0
2724 347.6440 62.0893 0 0
2725 50.9750 153.4250 0 0
2726 312.3726 69.6479 0 0
2727 66.3936 73.3290 0 0
2728 59.8146 115.3681 0 0
2729 323.3361 157.6094 0 0
2730 110.5323 157.6064 0 0
2731 90.7455 61.8829 0 0
2732 294.6749 100.2494 0 0
2733 254.8516 84.9516 0 0
2734 157.2167 84.9183 0 0
2735 117.1833 161.4452 0 0
2736 35.5505 37.2801 0 0
2737 299.1251 69.6309 0 0
2738 92.9690 42.7073 0 0
2739 225.9092 157.6532 0 0
2740 166.0803 69.5600 0 0
2741 268.1519 100.2835 0 0
2742 336.6848 50.5933 0 0
2743 336.1903 34.8939 0 0
2744 261.3761 142.2982 0 0
2745 327.7620 111.8224 0 0
2746 108.4549 84.9002 0 0
2747 318.9330 142.3282 0 0
2748 259.2867 84.9516 0 0
2749 66.4078 50.4005 0 0
2750 263.7293 61.9173 0 0
2751 112.7484 161.4446 0 0
2752 59.7932 130.6319 0 0
2753 163.8677 81.0785 0 0
2754 90.5899 169.0972 0 0
2755 252.6340 88.7896 0 0
2756 212.5906 157.6494 0 0
2757 338.7986 130.9501 0 0
2758 130.4893 161.4491 0 0
2759 290.3332 46.5810 0 0
2760 106.1009 142.2647 0 0
2761 166.0901 84.9205 0 0
2762 119.4002 157.6086 0 0
2763 172.6386 157.6304 0 0
2764 334.3726 169.0715 0 0
2765 294.7029 69.6194 0 0
2766 143.8115 161.4515 0 0
2767 159.3237 157.6249 0 0
2768 92.9544 65.7164 0 0
2769 318.9208 157.6100 0 0
2770 230.4495 88.7824 0 0
2771 294.6796 84.9404 0 0
2772 285.8448 77.2758 0 0
2773 172.7403 81.0797 0 0
2774 310.1388 104.1590 0 0
2775 345.4547 58.2552 0 0
2776 237.1586 176.9460 0 0
2777 86.2668 123.0796 0 0
2778 174.9624 84.9238 0 0
2779 92.8042 172.8999 0 0
2780 285.9017 46.5763 0 0
2781 254.7543 146.1582 0 0
2782 110.5292 142.2655 0 0
2783 126.1754 84.9183 0 0
2784 336.5872 142.3621 0 0
2785 288.0704 65.7787 0 0
2786 259.2944 61.9149 0 0
2787 325.5603 115.6326 0 0
2788 179.3952 84.9228 0 0
2789 292.4743 81.1110 0 0
2790 75.2388 73.3492 0 0
2791 188.2686 69.5683 0 0
2792 95.1847 39.1570 0 0
2793 73.0451 46.5463 0 0
2794 245.9800 61.9105 0 0
2795 310.2644 58.0908 0 0
2796 183.8314 84.9234 0 0
2797 250.3166 146.1566 0 0
2798 243.7607 65.7479 0 0
2799 188.2705 84.9255 0 0
2800 334.3745 138.5389 0 0
2801 248.1991 88.7886 0 0
2802 54.8794 39.1744 0 0
2803 115.0861 65.7163 0 0
2804 123.8335 157.6097 0 0
2805 254.8581 61.9125 0 0
2806 239.3198 65.7506 0 0
2807 330.0208 77.3006 0 0
2808 114.9591 142.2662 0 0
2809 192.7080 84.9261 0 0
2810 323.4080 73.4745 0 0
2811 245.9815 84.9488 0 0
2812 132.7054 157.6131 0 0
2813 248.0702 142.2987 0 0
2814 237.1014 69.5892 0 0
2815 62.0197 111.5661 0 0
2816 197.1523 84.9310 0 0
2817 316.7170 161.4318 0 0
2818 321.1559 115.6323 0 0
2819 310.1742 65.8270 0 0
2820 190.4879 65.7330 0 0
2821 121.7218 69.5468 0 0
2822 347.7416 176.6825 0 0
2823 201.5913 84.9318 0 0
2824 126.0541 161.4474 0 0
2825 241.5439 84.9463 0 0
2826 206.0321 84.9343 0 0
2827 126.1503 69.5455 0 0
2828 250.4195 61.9106 0 0
2829 237.1066 84.9450 0 0
2830 279.6229 35.0082 0 0
2831 241.4388 146.1543 0 0
2832 283.6873 42.7324 0 0
2833 70.8280 50.3967 0 0
2834 119.3900 142.2669 0 0
2835 210.4731 84.9364 0 0
2836 90.6794 123.0918 0 0
2837 230.8231 180.9236 0 0
2838 321.1921 77.3071 0 0
2839 152.6828 123.1310 0 0
2840 232.6673 84.9442 0 0
2841 168.2997 65.7251 0 0
2842 214.9141 84.9393 0 0
2843 132.7919 65.7075 0 0
2844 219.3528 84.9407 0 0
2845 223.7917 84.9428 0 0
2846 294.6421 130.8523 0 0
2847 226.0106 88.7812 0 0
2848 237.0009 146.1524 0 0
2849 135.0167 69.5472 0 0
2850 281.5182 38.8848 0 0
2851 106.2318 81.0466 0 0
2852 343.1701 115.6470 0 0
2853 146.1029 65.7137 0 0
2854 97.3791 65.7200 0 0
2855 139.4526 69.5488 0 0
2856 318.9526 119.4414 0 0
2857 148.3292 69.5528 0 0
2858 234.7579 142.2980 0 0
2859 123.8220 142.2678 0 0
2860 285.8054 161.5105 0 0
2861 154.9824 65.7174 0 0
2862 159.4189 65.7199 0 0
2863 232.6643 69.5870 0 0
2864 161.6401 69.5586 0 0
2865 177.1742 65.7254 0 0
2866 230.4465 65.7492 0 0
2867 172.7374 65.7243 0 0
2868 137.1405 157.6140 0 0
2869 181.6089 65.7279 0 0
2870 336.6126 104.1399 0 0
2871 228.1113 146.1395 0 0
2872 128.2531 142.2670 0 0
2873 183.8304 69.5662 0 0
2874 226.0066 65.7457 0 0
2875 221.5665 65.7426 0 0
2876 356.6063 131.4084 0 0
2877 199.3717 65.7356 0 0
2878 194.9309 65.7332 0 0
2879 217.1277 65.7416 0 0
2880 212.6891 65.7409 0 0
2881 203.8107 65.7370 0 0
2882 208.2499 65.7394 0 0
2883 314.5225 142.3303 0 0
2884 225.8791 142.2963 0 0
2885 139.3599 161.4533 0 0
2886 97.2567 126.9508 0 0
2887 219.2325 146.1361 0 0
2888 68.6046 69.5147 0 0
2889 132.6881 142.2692 0 0
2890 279.1621 157.6774 0 0
2891 334.4004 130.9371 0 0
2892 217.0006 142.2938 0 0
2893 137.1207 142.2684 0 0
2894 146.0111 157.6124 0 0
2895 332.1705 172.8966 0 0
2896 210.3546 146.1331 0 0
2897 70.8165 42.7256 0 0
2898 228.1904 176.8647 0 0
2899 150.4489 157.6159 0 0
2900 101.8054 65.7219 0 0
2901 208.1228 142.2916 0 0
2902 274.7349 157.6785 0 0
2903 141.5572 142.2710 0 0
2904 305.6865 150.0024 0 0
2905 201.4762 146.1302 0 0
2906 166.0046 123.1359 0 0
2907 145.9905 142.2701 0 0
2908 152.6714 161.4590 0 0
2909 199.2440 142.2888 0 0
2910 157.1112 161.4609 0 0
2911 312.3138 146.1475 0 0
2912 192.5981 146.1322 0 0
2913 99.5147 123.1046 0 0
2914 150.4276 142.2734 0 0
2915 70.8429 111.5788 0 0
2916 190.3654 142.2867 0 0
2917 161.5269 146.1160 0 0
2918 154.8641 142.2778 0 0
2919 157.0907 146.1142 0 0
2920 183.7200 146.1289 0 0
2921 268.0971 161.5153 0 0
2922 290.2137 130.8358 0 0
2923 163.7627 157.6256 0 0
2924 181.4824 142.2754 0 0
2925 288.0568 81.1093 0 0
2926 170.4041 146.1238 0 0
2927 106.2314 65.7261 0 0
2928 168.1731 142.2769 0 0
2929 177.0510 142.2801 0 0
2930 165.9868 161.4644 0 0
2931 210.3756 161.4845 0 0
2932 265.8648 157.6770 0 0
2933 170.4267 161.4667 0 0
2934 223.7024 161.4924 0 0
2935 259.2219 161.5132 0 0
2936 177.0782 157.6313 0 0
2937 290.2662 100.2599 0 0
2938 73.0309 69.5232 0 0
2939 179.3029 161.4703 0 0
2940 283.6351 88.8077 0 0
2941 183.7365 161.4722 0 0
2942 256.9903 157.6738 0 0
2943 281.4263 77.2810 0 0
2944 188.1727 161.4735 0 0
2945 192.6133 161.4772 0 0
2946 285.8466 92.6261 0 0
2947 250.3364 161.5063 0 0
2948 314.5420 119.4379 0 0
2949 197.0506 161.4775 0 0
2950 307.9005 146.1503 0 0
2951 245.8956 161.5051 0 0
2952 201.4914 161.4809 0 0
2953 221.9028 180.8853 0 0
2954 241.4518 161.5011 0 0
2955 205.9302 161.4819 0 0
2956 110.6595 65.7268 0 0
2957 237.0162 161.5003 0 0
2958 119.5016 65.7099 0 0
2959 330.0917 176.7317 0 0
2960 356.1024 107.6183 0 0
2961 217.0284 157.6432 0 0
2962 219.2609 161.4889 0 0
2963 230.3517 157.6586 0 0
2964 232.5789 161.4962 0 0
2965 106.1246 126.9378 0 0
2966 307.9175 123.2460 0 0
2967 334.3893 123.3062 0 0
2968 303.4745 161.5003 0 0
2969 279.2158 73.4492 0 0
2970 281.4288 69.6138 0 0
2971 66.4275 111.5709 0 0
2972 283.6506 65.7765 0 0
2973 285.8544 84.9398 0 0
2974 312.3313 123.2481 0 0
2975 281.3871 161.5147 0 0
2976 288.0556 96.4404 0 0
2977 288.0110 127.0097 0 0
2978 108.3646 123.1075 0 0
2979 72.9469 38.9166 0 0
2980 305.7172 119.4381 0 0
2981 51.0103 77.3023 0 0
2982 307.8974 153.8042 0 0
2983 48.8147 73.4867 0 0
2984 57.6034 80.9633 0 0
2985 68.6178 123.0269 0 0
2986 219.2720 176.8269 0 0
2987 55.4203 84.8611 0 0
2988 301.2842 119.4212 0 0
2989 114.9724 126.9455 0 0
2990 117.2107 123.1129 0 0
2991 287.9972 142.3235 0 0
2992 214.8716 176.8408 0 0
2993 121.6403 123.1148 0 0
2994 301.3578 65.7980 0 0
2995 75.2307 80.9803 0 0
2996 288.0281 165.3309 0 0
2997 128.2608 126.9527 0 0
2998 268.1294 107.8961 0 0
2999 61.9718 134.5371 0 0
3000 86.3123 84.8842 0 0
3001 234.8150 127.0185 0 0
3002 290.2379 169.1731 0 0
3003 208.5829 180.8605 0 0
3004 132.7003 126.9509 0 0
3005 79.6583 103.9923 0 0
3006 314.5170 165.2732 0 0
3007 137.1266 126.9595 0 0
3008 288.0599 104.0902 0 0
3009 154.8662 126.9614 0 0
3010 112.8746 61.8873 0 0
3011 84.0998 104.0259 0 0
3012 288.0244 173.0201 0 0
3013 141.5594 126.9613 0 0
3014 115.0850 58.0454 0 0
3015 168.1684 126.9671 0 0
3016 292.5549 180.7298 0 0
3017 117.3044 54.2039 0 0
3018 290.2639 176.8841 0 0
3019 115.0975 50.3720 0 0
3020 205.9532 176.8037 0 0
3021 86.3004 107.8305 0 0
3022 145.9941 126.9602 0 0
3023 305.6832 157.6441 0 0
3024 307.9902 177.0024 0 0
3025 117.3116 46.5262 0 0
3026 285.8494 107.9116 0 0
3027 148.2380 123.1263 0 0
3028 119.5581 42.6724 0 0
3029 86.2260 130.7511 0 0
3030 79.6183 134.5346 0 0
3031 126.1484 46.5426 0 0
3032 77.4124 138.3626 0 0
3033 50.9961 69.5929 0 0
3034 201.5528 176.8182 0 0
3035 159.3032 126.9602 0 0
3036 79.5900 142.2217 0 0
3037 128.4294 42.6909 0 0
3038 84.0470 126.9102 0 0
3039 135.0407 46.5269 0 0
3040 161.5344 123.1273 0 0
3041 265.9246 104.0856 0 0
3042 139.4877 46.5174 0 0
3043 310.1453 96.4963 0 0
3044 281.4394 107.9083 0 0
3045 141.7519 42.6811 0 0
3046 148.3478 46.5405 0 0
3047 356.5752 145.7406 0 0
3048 152.8020 46.5237 0 0
3049 172.6058 126.9787 0 0
3050 155.0723 42.6840 0 0
3051 161.6639 46.5457 0 0
3052 195.2471 180.8249 0 0
3053 166.1070 46.5409 0 0
3054 177.0466 126.9763 0 0
3055 168.3917 42.6889 0 0
3056 277.0086 107.9096 0 0
3057 175.0006 46.5380 0 0
3058 104.0023 107.8796 0 0
3059 177.2819 42.6722 0 0
3060 283.5881 126.9927 0 0
3061 183.8667 46.5505 0 0
3062 181.4811 126.9816 0 0
3063 188.3160 46.5420 0 0
3064 190.5824 42.7131 0 0
3065 197.1945 46.5453 0 0
3066 199.4572 42.7127 0 0
3067 185.9223 126.9793 0 0
3068 206.0738 46.5485 0 0
3069 208.3381 42.7150 0 0
3070 214.9532 46.5519 0 0
3071 217.2179 42.7183 0 0
3072 223.8323 46.5554 0 0
3073 226.0960 42.7240 0 0
3074 259.3179 46.5878 0 0
3075 252.7173 42.7550 0 0
3076 232.7015 46.5712 0 0
3077 237.1508 46.5619 0 0
3078 250.4318 46.5998 0 0
3079 239.4181 42.7357 0 0
3080 246.0071 46.5858 0 0
3081 190.3573 126.9846 0 0
3082 279.1629 126.9887 0 0
3083 194.7988 126.9822 0 0
3084 192.6712 176.8063 0 0
3085 217.0821 111.7089 0 0
3086 72.9893 146.0114 0 0
3087 117.3461 107.9069 0 0
3088 199.2342 126.9877 0 0
3089 272.5693 107.9086 0 0
3090 314.6616 58.0986 0 0
3091 274.7302 126.9904 0 0
3092 203.7496 111.7098 0 0
3093 70.7842 149.8579 0 0
3094 203.6759 126.9852 0 0
3095 130.6436 107.9158 0 0
3096 208.1115 126.9908 0 0
3097 181.5594 111.6996 0 0
3098 330.0778 62.0264 0 0
3099 212.5534 126.9883 0 0
3100 308.0036 61.9659 0 0
3101 146.0741 111.6846 0 0
3102 72.9514 153.7194 0 0
3103 159.3740 111.6934 0 0
3104 261.5699 42.7466 0 0
3105 186.3672 180.8078 0 0
3106 216.9892 126.9939 0 0
3107 270.3010 126.9858 0 0
3108 263.8331 39.0648 0 0
3109 221.4313 126.9914 0 0
3110 57.5466 142.0524 0 0
3111 225.8706 126.9939 0 0
3112 332.2847 58.2015 0 0
3113 265.8644 126.9877 0 0
3114 230.3368 126.9990 0 0
3115 236.9986 130.8186 0 0
3116 59.7534 145.8783 0 0
3117 241.4206 130.8125 0 0
3118 183.7921 176.7921 0 0
3119 261.4308 126.9821 0 0
3120 90.7223 107.8377 0 0
3121 256.9921 126.9819 0 0
3122 243.6356 127.0013 0 0
3123 248.0902 126.9878 0 0
3124 330.1153 54.3551 0 0
3125 252.5470 126.9827 0 0
3126 312.3235 169.1195 0 0
3127 95.1429 107.8445 0 0
3128 66.3587 157.4755 0 0
3129 332.3041 50.5455 0 0
3130 310.1502 173.0220 0 0
3131 177.4795 180.7908 0 0
3132 99.5753 107.8596 0 0
3133 261.5020 104.0619 0 0
3134 64.1552 161.3256 0 0
3135 174.9785 176.8269 0 0
3136 257.0649 104.0622 0 0
3137 106.1929 111.6902 0 0
3138 66.3145 165.1959 0 0
3139 330.1147 46.6787 0 0
3140 110.6154 111.6943 0 0
3141 168.5144 180.6974 0 0
3142 252.6283 104.0614 0 0
3143 112.8162 107.8906 0 0
3144 332.3248 42.9392 0 0
3145 59.7350 168.9494 0 0
3146 165.9984 176.7343 0 0
3147 119.4702 111.7113 0 0
3148 330.2312 39.2065 0 0
3149 243.7604 104.0492 0 0
3150 123.9009 111.7022 0 0
3151 248.1935 104.0544 0 0
3152 126.1038 107.8996 0 0
3153 239.3188 104.0516 0 0
3154 161.6830 176.7898 0 0
3155 132.8076 111.6914 0 0
3156 234.8850 104.0438 0 0
3157 137.2199 111.6845 0 0
3158 139.4573 107.8830 0 0
3159 230.4100 104.0751 0 0
3160 61.8887 172.8261 0 0
3161 225.9342 104.0977 0 0
3162 143.8803 107.8868 0 0
3163 223.7130 107.9284 0 0
3164 152.7429 107.8974 0 0
3165 155.2164 180.6638 0 0
3166 150.5010 111.6901 0 0
3167 221.5070 111.7115 0 0
3168 214.8637 107.9200 0 0
3169 157.1758 107.8968 0 0
3170 210.4092 107.9290 0 0
3171 201.5462 107.9086 0 0
3172 166.0154 107.9120 0 0
3173 208.1805 111.7189 0 0
3174 163.8007 111.6954 0 0
3175 188.2029 107.9218 0 0
3176 197.0927 107.9080 0 0
3177 179.3578 107.9015 0 0
3178 192.6445 107.9129 0 0
3179 170.4579 107.9032 0 0
3180 185.9870 111.7060 0 0
3181 174.9096 107.8979 0 0
3182 152.6814 176.7114 0 0
3183 55.3186 176.5764 0 0
3184 148.3935 176.7921 0 0
3185 141.8766 180.6314 0 0
3186 355.7932 138.5385 0 0
3187 139.3658 176.6889 0 0
3188 135.0768 176.7700 0 0
3189 341.0153 104.0661 0 0
3190 128.5250 180.5998 0 0
3191 126.0932 176.6983 0 0
3192 121.7056 176.7270 0 0
3193 115.2056 180.5783 0 0
3194 64.1684 184.3109 0 0
3195 112.8661 176.7786 0 0
3196 57.5059 180.4462 0 0
3197 70.7727 180.5354 0 0
3198 104.0982 184.4183 0 0
3199 73.0935 184.3286 0 0
3200 35.5667 50.2351 0 0
3201 356.3255 161.4068 0 0
3202 59.7419 184.3045 0 0
3203 84.1484 180.5094 0 0
3204 81.8304 176.7009 0 0
3205 97.3487 180.5895 0 0
3206 90.6792 176.7289 0 0
3207 360.4675 178.0475 0 0
3208 250.6296 184.7918 0 0
3209 92.9802 180.5697 0 0
3210 99.6659 184.4185 0 0
3211 357.2451 184.5138 0 0
3212 245.9313 176.9827 0 0
3213 36.2530 32.7127 0 0
3214 281.6743 184.7475 0 0
3215 274.9784 180.9259 0 0
3216 268.3349 177.1549 0 0
3217 35.1696 89.7864 0 0
3218 294.9546 184.7586 0 0
3219 34.9408 150.9230 0 0
3220 314.8585 180.7003 0 0
3221 35.3465 59.3033 0 0
3222 328.0976 180.7579 0 0
3223 349.6046 88.5809 0 0
3224 345.8062 180.7408 0 0
3225 353.7129 96.0802 0 0
3226 62.4404 34.7484 0 0
3227 243.8739 180.8921 0 0
3228 361.3755 38.0757 0 0
3229 351.8172 84.8229 0 0
3230 96.1645 29.7249 0 0
3231 361.2845 90.4826 0 0
3232 113.4636 30.7008 0 0
3233 317.2484 39.2133 0 0
3234 126.8234 30.7062 0 0
3235 140.1437 30.7273 0 0
3236 153.4804 30.7352 0 0
3237 166.8602 30.6766 0 0
3238 189.0950 30.7664 0 0
3239 34.8415 155.4711 0 0
3240 237.9326 30.8560 0 0
3241 251.1985 30.9345 0 0
3242 361.4385 94.8455 0 0
3243 38.4201 161.4702 0 0
3244 38.3838 130.8902 0 0
3245 266.3748 35.1432 0 0
3246 38.3562 100.3099 0 0
3247 38.5075 122.6005 0 0
3248 282.2817 30.9066 0 0
3249 332.1612 36.1892 0 0
3250 312.0267 39.2916 0 0
3251 361.6808 33.3085 0 0
3252 38.4547 69.8306 0 0
3253 357.9252 66.3138 0 0
3254 34.0934 168.3588 0 0
3255 357.8963 57.8357 0 0
3256 38.5213 145.1620 0 0
3257 339.5299 31.0010 0 0
3258 34.0235 177.0340 0 0
3259 34.6762 93.9222 0 0
3260 38.6057 138.8671 0 0
3261 357.7443 118.9047 0 0
3262 357.7267 127.6053 0 0
3263 38.6529 108.3958 0 0
3264 34.3762 115.6816 0 0
3265 38.6365 39.3718 0 0
3266 361.3063 169.2799 0 0
3267 38.7906 77.8362 0 0
3268 35.2101 63.7974 0 0
3269 357.6698 149.6483 0 0
3270 357.5558 157.8918 0 0
3271 357.8212 43.5269 0 0
3272 358.6470 92.3409 0 0
3273 74.4349 35.7774 0 0
3274 38.7714 84.0927 0 0
3275 362.0759 51.0033 0 0
3276 361.9958 81.7133 0 0
3277 357.8424 180.3476 0 0
3278 362.0196 73.0056 0 0
3279 35.2443 29.2579 0 0
3280 81.0033 33.4748 0 0
3281 357.5551 110.9500 0 0
3282 34.2768 184.7692 0 0
3283 361.1035 185.8929 0 0
3284 355.4500 92.3289 0 0
3285 361.8896 103.6253 0 0
3286 34.5386 45.8506 0 0
3287 357.3819 141.6771 0 0
3288 38.8381 53.5539 0 0
3289 357.3973 135.4553 0 0
3290 347.1436 31.8017 0 0
3291 94.4762 32.1189 0 0
3292 74.1368 28.7188 0 0
3293 97.3978 36.5257 0 0
3294 362.1836 29.7968 0 0
3295 46.8320 32.9674 0 0
3296 357.3406 172.6003 0 0
3297 119.7877 29.4155 0 0
3298 40.5176 32.4775 0 0
3299 133.1147 29.4473 0 0
3300 146.4414 29.4795 0 0
3301 159.7859 29.4881 0 0
3302 331.6441 29.2241 0 0
3303 48.3741 35.9566 0 0
3304 56.1834 36.0310 0 0
3305 52.2958 36.1207 0 0
3306 173.1027 29.5356 0 0
